9 9 9 9 9 9 9 9 9 9 9 9 9 9 9 9 9 9 9 9 9 9 9 2 2 2 2 2 2 2 2 2 2 2 2 2 2 2 2 2 2 3 3 3 3 3 3 3 3 3 3 3 2 6 6 6 6 6 6 6 2 2 2 2 2 2 3 3 3 3 3 3 3 3 3 3 3 3 3 3 3 3 3 3 2 2 2 2 R 2 2 2 2 2 2 2 2 2 2 2 2 2 2 2 2 
9 9 9 9 9 9 9 9 9 9 9 9 9 9 9 9 9 9 9 9 9 9 9 2 2 2 2 2 2 2 2 2 2 2 2 2 2 2 2 2 2 2 2 2 2 2 2 2 2 2 2 2 2 6 6 6 0 6 6 6 2 2 2 2 2 2 2 2 2 2 2 2 2 2 2 2 2 2 2 2 2 2 2 2 2 2 2 R 2 R R R R R R R R R R R R R R 2 2 
9 9 9 9 9 9 9 9 9 9 9 9 9 9 9 9 9 9 9 9 9 9 9 1 1 1 1 1 1 1 1 1 1 1 1 1 1 1 1 1 1 1 1 1 1 1 1 1 1 1 1 1 1 1 1 1 1 1 1 1 1 1 1 1 1 1 1 1 1 1 1 R R 1 1 1 1 1 1 1 1 1 1 2 R 1 1 R 2 2 6 6 6 6 6 6 6 6 6 6 6 6 6 R 2 
9 9 9 9 9 9 9 9 9 9 9 2 2 2 2 2 2 2 2 2 2 2 2 1 1 2 2 2 2 2 2 2 2 2 1 2 2 2 2 1 1 2 2 2 2 2 2 2 2 2 1 1 2 2 2 2 2 2 2 2 2 2 1 1 2 2 2 2 2 R R 2 2 R 2 2 2 2 2 2 2 2 2 R 2 R R 2 2 2 6 6 6 6 6 6 6 6 6 6 6 6 6 2 R 
9 9 9 9 9 9 9 9 9 9 9 2 7 7 7 7 7 7 7 7 7 7 2 1 1 2 2 2 2 2 2 2 2 2 1 5 5 2 2 1 1 2 6 6 6 6 6 6 6 2 1 1 2 6 6 6 0 6 6 6 6 2 1 1 2 2 2 2 R 2 2 2 2 2 R R R R 2 2 2 2 2 R 2 1 1 2 2 2 6 6 6 2 2 2 2 2 2 6 6 6 6 2 R 
9 9 9 9 9 9 9 9 9 9 9 2 7 7 7 7 7 7 7 7 7 7 2 1 1 2 5 5 5 5 5 5 5 5 0 5 5 5 2 1 1 2 6 6 6 6 6 6 6 2 1 1 2 6 6 6 6 6 6 6 6 2 1 1 2 2 2 R 2 2 2 2 6 6 6 6 6 6 R R 2 2 2 R 2 1 1 2 2 2 6 6 6 2 2 2 2 2 2 6 6 6 6 2 R 
9 9 9 9 9 9 9 9 9 9 9 2 7 7 7 7 7 7 7 7 7 0 2 1 1 2 0 5 5 5 5 5 5 5 5 5 5 2 2 1 1 2 0 6 6 6 6 6 0 2 1 1 2 0 6 6 6 6 6 6 0 2 1 1 2 2 R 2 2 2 6 6 6 6 6 6 6 6 6 6 R 2 2 R 2 1 1 2 2 2 6 6 6 2 2 2 2 2 2 6 6 6 6 2 R 
9 9 9 9 9 9 9 9 9 9 9 2 7 7 7 7 7 7 7 7 7 7 2 1 1 2 5 5 5 2 2 2 2 2 1 5 5 2 2 1 1 2 6 6 6 6 6 6 6 2 1 1 2 6 6 6 6 6 6 6 6 2 1 1 2 R 2 2 2 6 6 6 6 6 6 6 6 6 6 6 6 R 2 R 2 1 1 2 2 2 6 6 6 2 2 2 2 2 2 6 6 6 6 2 R 
9 9 9 9 9 9 9 9 9 9 9 2 7 7 7 7 7 7 7 7 7 7 2 1 1 2 5 5 5 2 3 3 3 3 2 5 5 2 2 1 1 2 6 6 6 6 6 6 6 2 1 1 2 6 6 6 6 6 6 6 6 2 1 1 R 2 2 2 6 6 6 6 6 6 6 6 6 6 6 6 6 6 R 2 2 1 1 2 2 2 6 0 6 2 2 2 2 2 2 6 6 6 6 2 R 
9 9 9 9 9 9 9 9 9 9 9 2 7 7 7 7 7 7 7 7 7 7 2 1 1 2 2 2 2 2 3 3 3 3 2 5 5 2 2 1 1 2 6 6 6 6 6 6 6 2 1 1 2 6 6 6 6 6 6 6 6 2 1 R 2 2 2 6 6 6 6 6 6 6 6 6 6 6 6 6 6 6 6 2 2 1 1 2 2 2 2 2 2 2 2 2 2 2 2 6 6 6 6 2 R 
9 9 9 9 9 9 9 9 9 9 9 2 7 7 7 7 7 7 7 7 7 7 2 1 1 2 2 3 3 3 3 3 3 3 3 3 2 2 2 1 R R 6 6 6 6 6 6 6 2 1 1 2 6 6 6 0 6 6 6 6 2 R 1 2 2 2 6 6 6 6 6 6 6 6 6 6 6 6 6 6 6 6 2 2 1 1 2 2 2 2 2 2 2 2 2 2 2 2 6 6 6 6 2 R 
9 9 9 9 9 9 9 9 9 9 9 2 7 7 7 7 7 7 7 7 7 7 2 1 1 2 2 2 2 2 2 2 2 2 2 2 R 2 2 R 1 2 R 2 2 2 2 2 2 2 1 1 2 2 2 2 2 2 R 2 2 R 1 1 2 2 6 6 6 6 6 0 6 6 6 6 6 6 6 6 6 6 6 6 2 1 1 2 2 2 2 2 2 2 2 2 2 2 2 6 6 6 6 2 R 
9 9 9 9 9 9 9 9 9 9 9 2 7 7 7 7 7 7 7 7 7 7 2 1 1 1 R R R 1 R R 1 1 1 R 1 R R 1 1 1 1 R R R R R R R R R R R R 1 R R 1 R R 1 1 1 2 2 2 2 2 2 2 2 2 2 2 6 6 2 2 2 2 2 2 2 2 1 1 2 2 2 2 2 2 2 2 2 2 2 2 6 6 6 6 2 R 
9 9 9 9 9 9 9 9 9 9 9 2 7 7 7 7 7 7 7 7 7 7 2 1 1 R 1 1 1 R 1 1 R 1 R 1 1 1 1 1 1 1 1 1 1 1 1 1 1 1 1 1 1 1 1 R 1 1 1 1 1 1 1 1 2 2 2 2 2 2 2 2 2 2 2 6 6 2 2 2 2 2 2 2 2 1 1 2 2 2 2 2 2 2 2 2 2 2 2 6 6 6 6 2 R 
9 9 9 9 9 9 9 9 9 9 9 2 7 7 7 7 7 7 7 7 7 7 2 1 R 2 2 2 2 2 1 2 2 R 2 2 2 2 2 1 1 2 2 2 2 2 2 2 2 2 1 1 2 2 2 2 2 2 2 2 2 2 1 1 2 2 2 2 2 2 2 2 2 2 2 6 6 2 2 2 2 2 2 2 2 1 1 2 2 2 2 2 2 2 2 2 2 2 2 6 6 6 6 2 R 
9 9 9 9 9 9 9 9 9 9 9 2 7 7 7 7 7 7 7 7 7 7 2 R 1 2 2 5 5 5 0 5 5 5 5 0 5 2 2 1 1 2 6 6 6 6 6 6 6 2 1 1 2 6 6 6 0 6 6 6 6 2 1 1 2 2 6 6 6 6 6 0 6 6 6 6 6 2 2 6 6 6 6 6 2 1 1 2 2 2 6 0 6 6 2 2 2 2 2 6 6 6 6 2 R 
9 9 9 9 9 9 9 9 9 9 9 2 7 7 7 7 7 7 7 7 7 7 R 1 1 2 2 5 5 5 5 5 5 5 5 5 5 2 2 1 1 2 6 6 6 6 6 6 6 2 1 1 2 6 6 6 6 6 6 6 6 2 1 1 2 2 2 6 6 6 6 6 6 6 6 6 6 2 6 6 6 6 6 2 2 1 1 2 2 2 6 6 6 6 2 2 2 2 2 6 6 6 6 2 R 
9 9 9 9 9 9 9 9 9 9 9 2 7 7 7 7 7 7 7 7 7 7 R 1 1 2 2 5 5 2 1 2 2 2 2 5 5 2 2 1 1 2 0 6 6 6 6 6 0 2 1 1 2 0 6 6 6 6 6 6 0 2 1 1 2 2 2 6 6 6 6 6 6 6 6 6 6 2 6 6 6 6 6 2 2 1 1 2 2 2 6 6 6 6 2 2 2 2 2 6 6 6 6 2 R 
9 9 9 9 9 9 9 9 9 9 9 2 7 7 7 7 7 7 7 7 7 R 2 1 1 1 1 0 5 1 3 3 3 3 1 5 0 1 1 1 1 2 6 6 6 6 6 6 6 2 1 1 2 6 6 6 6 6 6 6 6 2 1 1 2 2 2 2 6 6 6 6 6 6 6 6 6 2 6 6 6 6 2 2 2 1 1 2 2 2 6 6 6 6 6 6 6 6 6 6 6 6 6 2 R 
9 9 9 9 9 9 9 9 9 9 9 2 7 7 7 7 7 7 7 7 7 7 2 1 1 2 2 5 5 2 2 2 2 1 2 5 5 2 2 1 1 2 6 6 6 6 6 6 6 2 1 1 2 6 6 6 6 6 6 6 6 2 1 1 2 2 2 2 2 0 6 6 6 6 6 6 6 2 6 6 0 R R R R R R 2 2 2 2 2 2 2 6 6 6 6 6 6 6 6 6 2 R 
2 2 2 2 2 2 9 9 9 9 9 2 7 7 7 7 7 7 7 7 7 7 2 1 1 2 2 5 5 5 5 5 5 5 5 5 5 2 2 1 1 2 6 6 6 6 6 6 6 2 1 1 2 6 6 6 0 6 6 6 6 R R R R 2 2 2 2 2 6 6 6 6 6 6 6 2 6 6 R 2 2 2 2 1 1 R 2 2 2 2 2 2 6 6 6 6 6 6 6 6 6 R 2 
2 6 6 6 6 2 9 9 9 9 9 2 7 7 7 7 7 7 7 7 7 7 2 1 1 2 2 5 5 5 5 5 5 0 5 5 5 R R R R R R R 2 2 R 2 2 2 1 1 2 2 2 2 2 2 2 2 R 2 1 1 2 R 2 2 2 2 2 2 6 6 6 6 6 6 R R 2 2 2 2 2 1 1 2 R 2 2 2 2 2 2 2 2 2 2 2 R R R 2 2 
2 6 0 6 6 2 9 9 9 9 9 2 7 7 7 7 7 7 7 7 7 7 R R R R 2 R 2 2 2 2 2 1 2 2 R 2 2 1 1 2 3 3 R R 3 R R R R R R R R R R R R R 3 2 1 1 2 2 R 2 2 R 2 2 2 2 2 2 2 R 2 2 2 2 2 2 2 1 1 2 2 R 2 2 2 2 2 2 2 2 2 R 2 2 2 2 2 
2 2 2 2 2 2 9 9 9 9 9 2 2 2 2 2 2 2 2 2 2 R 2 1 1 2 R 2 R 2 2 R R R R R 2 2 2 1 1 2 2 2 2 2 2 2 2 2 1 1 2 2 2 2 2 2 2 2 2 2 1 1 2 2 2 R R 2 R R R R R R R 2 2 2 2 2 2 2 2 1 1 2 2 2 R 2 2 2 2 2 2 2 R 2 2 2 2 2 2 
R R R 1 R 1 1 1 1 1 1 1 1 1 1 1 R R R R R 1 1 1 1 1 1 1 1 R R 1 1 1 1 1 1 1 1 1 1 1 1 1 1 1 1 1 1 1 1 1 1 1 1 1 1 1 1 1 1 1 1 1 1 1 1 1 1 1 1 1 1 1 1 1 1 1 1 1 1 1 1 1 1 1 1 1 1 1 1 R 1 1 1 1 1 R 1 1 1 1 1 1 1 
0 1 1 R 1 R 1 1 1 1 1 1 1 1 R R 1 1 1 1 1 1 1 1 1 1 1 1 1 1 1 1 1 1 1 1 1 1 1 1 1 1 1 1 1 1 1 1 1 1 1 1 1 1 1 1 1 1 1 1 1 1 1 1 1 1 1 1 1 1 1 1 1 1 1 1 1 1 1 1 1 1 1 1 1 1 1 1 1 1 1 1 R R R R R 1 1 1 1 1 1 1 1 
0 1 1 1 1 1 R 1 1 1 1 1 R R 1 1 1 1 1 1 1 1 1 1 1 1 1 1 1 1 1 1 1 1 1 1 1 1 1 1 1 1 1 1 1 1 1 1 1 1 1 1 1 1 1 1 1 1 1 1 1 1 1 1 1 1 1 1 1 1 1 1 1 1 1 1 1 1 1 1 1 1 1 1 1 1 1 1 1 1 1 1 1 1 1 1 1 1 1 1 1 1 1 1 1 
0 1 1 1 1 1 1 R 1 1 R R 1 1 1 1 1 1 1 1 1 1 1 1 1 1 1 1 1 1 1 1 1 1 1 1 1 1 1 1 1 1 1 1 1 1 1 1 1 1 1 1 1 1 1 1 1 1 1 1 1 1 1 1 1 1 1 1 1 1 1 1 1 1 1 1 1 1 1 1 1 1 1 1 1 1 1 1 1 1 1 1 1 1 1 1 1 1 1 1 1 1 1 1 1 
2 2 2 2 2 2 2 2 R R 2 2 2 2 2 2 2 2 2 2 2 2 2 1 1 2 2 2 2 2 2 2 2 2 2 2 2 2 2 1 1 2 2 2 2 2 2 2 2 2 2 2 2 2 2 2 2 2 2 2 2 2 1 1 2 2 2 2 2 2 2 2 2 2 2 2 2 2 2 2 2 2 2 2 2 1 1 2 2 2 2 2 2 2 2 2 2 2 2 2 2 2 2 2 2 
2 3 3 3 3 3 3 3 3 3 3 3 3 3 3 3 3 3 3 3 3 3 2 1 1 2 3 3 3 3 3 3 3 3 3 3 3 3 2 1 1 2 2 2 2 2 2 2 2 2 2 2 2 2 2 2 2 2 2 2 2 2 1 1 2 2 2 2 2 2 2 2 2 2 2 2 2 2 2 2 2 2 2 2 2 1 1 2 2 2 2 2 2 2 2 2 2 2 2 2 2 2 2 2 2 
2 3 3 3 3 3 3 3 3 3 3 3 3 3 3 3 3 3 3 3 3 3 2 1 1 2 3 3 3 3 3 3 3 3 3 3 3 3 2 1 1 2 2 2 2 2 2 2 2 2 2 2 2 2 2 2 2 2 2 2 2 2 1 1 2 2 2 4 4 4 4 4 4 4 4 4 4 4 4 4 4 4 2 2 2 1 1 2 2 2 0 4 4 4 4 4 4 4 4 4 4 4 4 2 2 
2 2 2 2 2 2 2 2 2 2 2 2 2 2 2 2 2 2 2 2 2 2 2 1 1 2 2 2 2 2 2 2 2 2 2 2 2 2 2 1 1 2 2 4 4 4 4 4 4 4 4 4 4 4 4 4 4 4 4 4 2 2 1 1 2 2 2 0 4 4 4 4 4 4 4 4 4 4 4 4 4 4 2 2 2 1 1 2 2 2 0 4 4 4 4 4 4 4 4 4 4 4 4 2 2 
2 2 2 2 2 2 2 2 2 2 2 2 2 2 2 2 2 2 2 2 2 2 2 1 1 2 5 5 5 5 5 5 5 5 5 5 5 5 2 1 1 2 2 4 4 4 4 4 4 4 4 4 4 4 4 4 4 4 4 4 2 2 1 1 2 2 2 4 4 4 4 4 4 4 4 4 4 4 4 4 4 4 2 2 2 1 1 2 2 2 2 2 2 2 2 2 2 2 2 2 4 4 4 2 2 
2 2 9 9 9 9 9 9 9 9 9 9 9 9 9 9 9 9 9 9 9 2 2 1 1 2 5 5 5 5 5 5 5 5 5 5 5 5 2 1 1 2 2 4 4 4 4 4 4 4 4 4 4 4 4 4 4 4 4 4 2 2 1 1 2 2 2 4 4 4 4 0 4 4 4 4 4 4 4 4 4 4 2 2 2 1 1 2 2 2 2 2 2 2 2 2 2 2 2 2 4 4 4 2 2 
2 2 9 9 9 9 9 9 9 9 9 9 9 9 9 9 9 9 9 9 9 2 2 1 1 2 2 2 2 2 2 2 2 1 1 1 0 5 1 1 1 2 2 4 4 4 4 4 4 4 4 4 4 4 4 4 4 4 4 4 2 2 1 1 2 2 2 2 2 2 2 2 4 4 4 4 4 4 4 4 4 4 2 2 2 1 1 2 2 2 2 2 2 2 2 2 2 2 2 2 4 4 4 2 2 
2 2 9 9 9 9 9 9 9 9 9 9 9 9 9 9 9 9 9 9 9 2 2 1 1 2 2 2 2 2 1 1 1 2 2 2 5 0 2 1 1 2 2 4 4 4 4 4 4 4 4 4 4 4 4 4 4 4 4 2 2 2 1 1 2 2 2 2 2 2 2 4 4 4 4 4 4 4 4 4 4 4 2 2 2 1 1 2 2 2 2 2 2 2 2 2 2 2 2 2 4 4 4 2 2 
2 2 9 9 9 9 9 9 9 9 9 9 9 9 9 9 9 9 9 9 9 2 2 1 1 2 2 2 2 1 2 2 2 2 2 2 5 5 2 1 1 2 2 4 4 4 4 4 4 4 4 4 4 4 4 4 4 4 2 2 2 2 1 1 2 2 2 2 2 2 4 4 4 4 4 4 4 4 4 4 4 4 2 2 2 1 1 2 2 2 2 2 2 2 2 2 2 2 2 2 4 4 4 2 2 
2 2 9 9 9 9 9 9 9 9 9 9 9 9 9 9 9 9 9 9 9 2 2 1 1 2 2 2 2 1 2 5 5 5 5 5 5 5 2 1 1 2 2 4 4 4 4 4 4 4 4 4 4 4 4 4 4 4 2 2 2 2 1 1 2 2 2 2 2 2 2 4 4 4 4 4 4 4 4 4 4 4 2 2 2 1 1 2 2 2 2 2 2 2 2 2 2 2 2 2 4 4 4 2 2 
2 2 9 9 9 9 9 9 9 9 9 9 9 9 9 9 9 9 9 9 9 2 2 1 1 2 2 2 2 1 2 5 5 5 5 0 5 5 2 1 1 2 2 4 4 4 4 4 4 4 4 4 4 4 4 4 4 2 2 2 2 2 1 1 2 2 2 2 2 2 2 2 4 4 4 4 4 4 4 4 4 4 2 2 2 1 1 2 2 2 2 2 2 2 2 2 2 2 2 2 4 4 4 2 2 
2 2 9 9 9 9 9 9 9 9 9 9 9 9 9 9 9 9 9 9 9 2 2 1 1 2 2 2 2 1 2 2 2 1 1 1 5 5 2 1 1 2 2 4 4 4 4 4 4 4 4 4 4 4 4 4 2 2 2 2 2 2 1 1 2 2 2 4 4 4 4 0 4 4 4 4 4 4 4 4 4 4 2 2 2 1 1 2 2 2 2 2 2 2 2 2 2 2 2 2 2 2 2 2 2 
2 2 9 9 9 9 9 9 9 9 9 9 9 9 9 9 9 9 9 9 9 2 2 1 1 2 2 2 2 1 2 2 1 1 2 2 5 0 2 1 1 2 2 4 4 4 4 4 4 4 4 4 4 4 4 4 2 2 2 2 2 2 1 1 2 2 2 4 4 4 4 4 4 4 4 4 4 4 4 4 4 4 2 2 2 1 1 2 2 2 4 4 4 4 4 4 0 0 4 4 4 4 4 2 2 
2 2 9 9 9 9 9 9 9 9 9 9 9 9 9 9 9 9 9 9 9 2 2 1 1 2 2 2 2 1 1 1 1 2 2 2 5 5 2 1 1 2 2 4 4 4 4 4 4 4 4 4 4 2 2 2 2 2 2 2 2 2 1 1 2 2 2 0 4 4 4 4 4 4 4 4 4 4 4 4 4 4 2 2 2 1 1 2 2 2 4 4 4 4 4 4 4 4 4 4 4 4 4 2 2 
2 2 9 9 9 9 9 9 9 9 9 9 9 9 9 9 9 9 9 9 9 2 2 1 1 2 2 2 2 1 2 2 2 2 2 2 5 5 2 1 1 2 2 4 4 4 4 4 4 4 2 2 2 2 2 2 2 2 2 2 2 2 1 1 2 2 2 4 4 4 4 4 4 4 4 4 4 4 4 4 4 4 2 2 2 1 1 2 2 2 4 4 4 4 4 4 4 4 4 4 4 4 4 2 2 
2 2 9 9 9 9 9 9 9 9 9 9 9 9 9 9 9 9 9 9 9 2 2 1 1 2 2 2 1 2 2 2 2 2 2 2 5 5 2 1 1 2 2 4 4 4 4 2 2 2 2 2 2 2 2 2 2 2 2 2 2 2 1 1 2 2 2 2 2 2 2 2 2 2 2 2 2 2 2 2 2 2 2 2 2 1 1 2 2 2 4 4 4 2 2 2 2 2 2 2 4 4 4 2 2 
2 2 9 9 9 9 9 9 9 9 9 9 9 9 9 9 9 9 9 9 9 2 2 1 1 2 2 1 2 2 2 5 5 5 5 5 5 5 2 1 1 2 2 2 2 2 2 2 2 2 2 2 2 2 2 2 2 2 2 2 2 2 1 1 2 2 2 2 2 2 2 2 2 2 2 2 2 2 2 2 2 2 2 2 2 1 1 2 2 2 0 4 4 2 2 2 2 2 2 2 4 4 0 2 2 
2 2 9 9 9 9 9 9 9 9 9 9 9 9 9 9 9 9 9 9 9 2 2 1 1 2 1 2 2 2 2 5 5 5 5 5 5 5 2 1 1 1 1 1 1 1 1 1 1 1 1 1 1 1 1 1 1 1 1 1 1 1 1 1 1 1 1 1 1 1 1 1 1 1 1 1 1 1 1 1 1 1 1 1 1 1 1 2 2 2 0 4 4 2 2 2 2 2 2 2 4 4 0 2 2 
2 2 9 9 9 9 9 9 9 9 9 9 9 9 9 9 9 9 9 9 9 2 2 1 1 2 1 2 2 2 2 2 2 2 2 2 5 5 2 1 1 2 2 2 2 2 2 2 2 2 2 2 8 8 8 2 2 2 2 2 2 2 1 1 2 2 2 2 2 8 8 8 8 2 2 2 2 2 2 2 2 2 2 2 2 1 1 2 2 2 0 4 4 2 2 2 2 2 2 2 4 4 0 2 2 
2 2 9 9 9 9 9 9 9 9 9 9 9 9 9 9 9 9 9 9 9 2 2 1 1 2 1 1 1 1 1 1 1 2 2 2 5 0 2 1 1 2 3 3 3 3 3 3 3 3 2 2 8 8 8 8 2 2 2 2 2 2 1 1 2 2 8 8 8 8 8 8 8 2 2 2 3 3 3 3 3 3 3 3 2 1 1 2 2 2 4 4 4 2 2 2 2 2 2 2 4 4 4 2 2 
2 2 9 9 9 9 9 9 9 9 9 9 9 9 9 9 9 9 9 9 9 2 2 1 1 2 1 2 2 2 2 2 1 1 2 2 5 5 2 1 1 2 3 3 3 3 3 3 3 3 2 8 8 8 8 8 8 8 8 8 8 8 1 1 8 8 8 8 8 8 8 8 8 2 2 2 3 3 3 3 3 3 3 3 2 1 1 2 2 2 4 4 4 2 2 2 2 2 2 2 4 4 4 2 2 
2 2 9 9 9 9 9 9 9 9 9 9 9 9 9 9 9 9 9 9 9 2 2 1 1 2 1 5 5 2 2 2 2 1 2 2 5 5 2 1 1 2 3 3 3 3 3 3 3 3 2 2 2 8 8 8 8 8 8 8 8 8 1 1 8 8 8 8 2 2 8 8 2 2 2 2 3 3 3 3 3 3 3 3 2 1 1 2 2 2 4 4 4 4 4 4 4 4 4 4 4 4 4 2 2 
2 2 9 9 9 9 9 9 9 9 9 9 9 9 9 9 9 9 9 9 9 2 2 1 1 2 1 5 5 2 2 2 2 2 1 2 5 5 2 1 1 2 3 3 3 3 3 3 3 3 2 2 2 2 2 2 8 8 8 8 8 2 1 1 8 8 8 2 2 2 2 2 2 2 2 2 3 3 3 3 3 3 3 3 2 1 1 2 2 2 4 4 4 4 4 4 4 4 4 4 4 4 4 2 2 
2 2 9 9 9 9 9 9 9 9 9 9 9 9 9 9 9 9 9 9 9 2 2 1 1 2 1 5 5 2 2 2 2 2 1 1 5 5 1 1 1 2 3 3 3 3 3 3 3 3 2 2 2 2 2 2 2 8 8 2 2 2 1 1 2 2 2 2 2 2 2 2 2 2 2 2 3 3 3 3 3 3 3 3 2 1 1 2 2 2 4 4 4 4 4 4 0 0 4 4 4 4 4 2 2 
2 2 9 9 9 9 9 9 9 9 9 9 9 9 9 9 9 9 9 9 9 2 2 1 1 2 1 5 5 5 5 5 5 5 5 5 5 5 2 1 1 2 2 2 2 2 2 2 2 2 2 2 2 2 2 2 2 2 2 2 2 2 1 1 2 2 2 2 2 2 2 2 2 2 2 2 2 2 2 2 2 2 2 2 2 1 1 2 2 2 2 2 2 2 2 2 2 2 2 2 2 2 2 2 2 
2 2 9 9 9 9 9 9 9 9 9 9 9 9 9 9 9 9 9 9 9 2 2 1 1 2 1 5 5 5 5 5 5 0 5 5 5 0 2 1 1 1 1 1 1 1 1 1 1 1 1 1 1 1 1 1 1 1 1 1 1 1 1 1 1 1 1 1 1 1 1 1 1 1 1 1 1 1 1 1 1 1 1 1 1 1 1 1 1 1 1 1 1 1 1 1 1 1 1 1 1 1 1 1 2 
2 2 9 9 9 9 9 9 9 9 9 9 9 9 9 9 9 9 9 9 9 2 2 1 1 2 1 2 2 2 2 2 2 2 2 2 5 5 2 1 1 2 2 2 2 2 2 2 2 2 2 2 2 2 2 2 2 1 2 2 2 2 1 1 2 2 2 2 2 2 2 2 2 2 2 2 2 2 2 2 2 2 2 2 2 1 1 2 2 2 2 2 2 2 2 2 2 2 2 2 2 2 2 2 2 
2 2 9 9 9 9 9 9 9 9 9 9 9 9 9 9 9 9 9 9 9 2 2 1 1 2 1 1 1 1 1 1 1 1 2 2 5 5 2 1 1 2 2 6 6 6 6 6 0 6 6 6 6 6 2 2 2 1 2 3 3 2 1 1 2 3 3 2 2 9 9 9 9 9 9 9 9 9 9 9 9 9 9 9 2 1 1 2 2 2 2 2 2 2 2 2 2 2 2 2 2 2 2 2 2 
2 2 9 9 9 9 9 9 9 9 9 9 9 9 9 9 9 9 9 9 9 2 2 1 1 2 2 2 5 5 2 2 2 1 2 2 2 2 2 1 1 2 2 6 6 6 6 6 6 6 6 6 6 6 2 2 2 1 2 3 3 2 1 1 2 3 3 2 2 9 9 9 9 9 9 9 9 9 9 9 9 9 9 9 2 1 1 2 2 2 6 6 6 2 2 2 2 2 2 6 6 6 2 2 2 
2 2 9 9 9 9 9 9 9 9 9 9 9 9 9 9 9 9 9 9 9 2 2 1 1 2 2 2 5 5 2 2 2 2 1 2 2 2 2 1 1 2 2 6 6 6 6 6 6 6 6 6 6 6 2 2 2 1 2 3 3 2 1 1 2 3 3 2 2 9 9 9 9 9 9 9 9 9 9 9 9 9 9 9 2 1 1 2 2 2 6 6 6 2 2 2 2 2 2 6 6 6 2 2 2 
2 2 9 9 9 9 9 9 9 9 9 9 9 9 9 9 9 9 9 9 9 2 2 1 1 2 2 2 0 5 5 0 5 2 1 1 1 1 1 1 1 2 2 6 6 6 6 6 6 6 6 6 6 6 2 2 2 1 2 3 3 2 1 1 2 3 3 2 2 9 9 9 9 9 9 9 9 9 9 9 9 9 9 9 2 1 1 2 2 2 6 6 6 2 2 2 2 2 2 6 6 6 2 2 2 
2 2 9 9 9 9 9 9 9 9 9 9 9 9 9 9 9 9 9 9 9 2 2 1 1 2 2 2 5 5 5 5 5 1 2 2 2 2 2 1 1 2 2 6 6 6 6 6 6 6 6 6 6 6 2 2 2 1 2 3 3 2 1 1 2 3 3 2 2 9 9 9 9 9 9 9 9 9 9 9 9 9 9 9 2 1 1 2 2 2 6 6 6 2 2 2 2 2 2 6 6 6 2 2 2 
2 2 9 9 9 9 9 9 9 9 9 9 9 9 9 9 9 9 9 9 9 2 2 1 1 2 2 2 5 5 2 1 1 1 2 2 5 5 2 1 1 2 2 6 6 6 6 6 6 6 6 6 6 6 2 2 2 1 2 3 3 2 1 1 2 3 3 2 2 9 9 9 9 9 9 9 9 9 9 9 9 9 9 9 2 1 1 2 2 2 6 6 6 2 2 2 2 2 2 6 6 6 2 2 2 
2 2 9 9 9 9 9 9 9 9 9 9 9 9 9 9 9 9 9 9 9 2 2 1 1 2 2 2 5 5 1 2 2 2 2 2 5 0 2 1 1 2 2 6 6 6 6 6 6 6 6 6 6 6 2 2 1 2 2 3 3 2 1 1 2 3 3 2 2 9 9 9 9 9 9 9 9 9 9 9 9 9 9 9 2 1 1 2 2 2 6 6 6 6 6 6 6 6 6 6 6 6 2 2 2 
2 2 9 9 9 9 9 9 9 9 9 9 9 9 9 9 9 9 9 9 9 2 2 1 1 2 2 2 5 5 5 5 5 5 5 5 5 5 2 1 1 2 2 2 2 2 2 2 2 2 2 2 2 2 2 1 2 2 2 3 3 2 1 1 2 3 3 2 2 2 2 2 2 2 2 2 2 2 2 2 2 2 2 2 2 1 1 2 2 2 6 6 6 6 6 6 6 6 6 6 6 6 2 2 2 
2 2 9 9 9 9 9 9 9 9 9 9 9 9 9 9 9 9 9 9 9 2 2 1 1 2 2 2 5 5 5 5 5 0 5 5 5 5 2 1 1 2 2 2 2 2 2 2 2 2 2 2 2 2 1 2 2 2 2 3 3 2 1 1 2 3 3 2 2 2 2 2 2 2 2 2 2 2 2 2 2 2 2 2 2 1 1 2 2 2 6 6 6 6 6 6 6 6 6 6 6 6 2 2 2 
2 2 2 2 2 2 2 2 2 2 2 2 2 2 2 2 2 2 2 2 2 2 2 1 1 1 1 1 1 1 1 1 1 1 1 1 1 1 1 1 1 1 1 1 1 1 1 1 1 1 1 1 1 1 2 2 2 2 2 2 2 0 0 0 0 2 2 2 2 2 2 2 2 2 2 2 2 2 2 2 2 2 2 2 2 1 1 2 2 2 2 2 2 2 2 2 2 2 2 2 2 2 2 2 2 
 2 2 2 2 2 2 2 2 2 2 2 2 2 2 2 2 2 2 2 2 2 2 1 1 1 1 1 1 1 1 1 1 1 1 1 1 1 1 1 1 1 1 1 1 1 1 1 1 1 1 1 1 1 2 2 2 2 2 2 2 0 0 0 0 2 2 2 2 2 2 2 2 2 2 2 2 2 2 2 2 2 2 2 2 1 1 2 2 2 2 2 2 2 2 2 2 2 2 2 2 2 2 2 2 
