9 9 9 9 9 9 9 9 9 9 9 9 9 9 9 9 9 9 9 9 9 9 9 2 2 2 2 2 2 2 2 2 2 2 2 2 2 2 2 2 2 3 3 3 3 3 3 3 3 3 3 3 2 6 6 6 6 6 6 6 2 2 2 2 2 2 3 3 3 3 3 3 3 3 3 3 3 3 3 3 3 3 3 3 2 2 2 2 2 2 2 2 2 2 2 2 2 2 2 2 2 2 2 2 2 
9 9 9 9 9 9 9 9 9 9 9 9 9 9 9 9 9 9 9 9 9 9 9 2 2 2 2 2 2 2 2 2 2 2 2 2 2 2 2 2 2 2 2 2 2 2 2 2 2 2 2 2 2 6 6 6 0 6 6 6 2 2 2 2 2 2 2 2 2 2 2 2 2 2 2 2 2 2 2 2 2 2 2 2 2 2 2 2 2 2 2 2 2 2 2 2 2 2 2 2 2 2 2 2 2 
9 9 9 9 9 9 9 9 9 9 9 9 9 9 9 9 9 9 9 9 9 9 9 1 1 1 1 1 1 1 1 1 1 1 1 1 1 1 1 1 1 1 1 1 1 1 1 1 1 1 1 1 1 1 1 1 1 1 1 1 1 1 1 1 1 1 1 1 1 1 1 1 1 1 1 1 1 1 1 1 1 1 1 2 2 1 1 2 2 2 6 6 6 6 6 6 6 6 6 6 6 6 6 2 2 
9 9 9 9 9 9 9 9 9 9 9 2 2 2 2 2 2 2 2 2 2 2 2 1 1 2 2 2 2 2 2 2 2 2 1 2 2 2 2 1 1 2 2 2 2 2 2 2 2 2 1 1 2 2 2 2 2 2 2 2 2 2 1 1 2 2 2 2 2 2 2 2 2 2 2 2 2 2 2 2 2 2 2 2 2 1 1 2 2 2 6 6 6 6 6 6 6 6 6 6 6 6 6 2 2 
9 9 9 9 9 9 9 9 9 9 9 2 7 7 7 7 7 7 7 7 7 7 2 1 1 2 2 2 2 2 2 2 2 2 1 5 5 2 2 1 1 2 6 6 6 6 6 6 6 2 1 1 2 6 6 6 0 6 6 6 6 2 1 1 2 2 2 2 2 2 2 2 2 2 2 2 2 2 2 2 2 2 2 2 2 1 1 2 2 2 6 6 6 2 2 2 2 2 2 6 6 6 6 2 2 
9 9 9 9 9 9 9 9 9 9 9 2 7 7 7 7 7 7 7 7 7 7 2 1 1 2 5 5 5 5 5 5 5 5 0 5 5 5 2 1 1 2 6 6 6 6 6 6 6 2 1 1 2 6 6 6 6 6 6 6 6 2 1 1 2 2 2 2 2 2 2 2 6 6 6 6 6 6 2 2 2 2 2 2 2 1 1 2 2 2 6 6 6 2 2 2 2 2 2 6 6 6 6 2 2 
9 9 9 9 9 9 9 9 9 9 9 2 7 7 7 7 7 7 7 7 7 0 2 1 1 2 0 5 5 5 5 5 5 5 5 5 5 2 2 1 1 2 0 6 6 6 6 6 0 2 1 1 2 0 6 6 6 6 6 6 0 2 1 1 2 2 2 2 2 2 6 6 6 6 6 6 6 6 6 6 2 2 2 2 2 1 1 2 2 2 6 6 6 2 2 2 2 2 2 6 6 6 6 2 2 
9 9 9 9 9 9 9 9 9 9 9 2 7 7 7 7 7 7 7 7 7 7 2 1 1 2 5 5 5 2 2 2 2 2 1 5 5 2 2 1 1 2 6 6 6 6 6 6 6 2 1 1 2 6 6 6 6 6 6 6 6 2 1 1 2 2 2 2 2 6 6 6 6 6 6 6 6 6 6 6 6 2 2 2 2 1 1 2 2 2 6 6 6 2 2 2 2 2 2 6 6 6 6 2 2 
9 9 9 9 9 9 9 9 9 9 9 2 7 7 7 7 7 7 7 7 7 7 2 1 1 2 5 5 5 2 3 3 3 3 2 5 5 2 2 1 1 2 6 6 6 6 6 6 6 2 1 1 2 6 6 6 6 6 6 6 6 2 1 1 2 2 2 2 6 6 6 6 6 6 6 6 6 6 6 6 6 6 2 2 2 1 1 2 2 2 6 0 6 2 2 2 2 2 2 6 6 6 6 2 2 
9 9 9 9 9 9 9 9 9 9 9 2 7 7 7 7 7 7 7 7 7 7 2 1 1 2 2 2 2 2 3 3 3 3 2 5 5 2 2 1 1 2 6 6 6 6 6 6 6 2 1 1 2 6 6 6 6 6 6 6 6 2 1 1 2 2 2 6 6 6 6 6 6 6 6 6 6 6 6 6 6 6 6 2 2 1 1 2 2 2 2 2 2 2 2 2 2 2 2 6 6 6 6 2 2 
9 9 9 9 9 9 9 9 9 9 9 2 7 7 7 7 7 7 7 7 7 7 2 1 1 2 2 3 3 3 3 3 3 3 3 3 2 2 2 1 1 2 6 6 6 6 6 6 6 2 1 1 2 6 6 6 0 6 6 6 6 2 1 1 2 2 2 6 6 6 6 6 6 6 6 6 6 6 6 6 6 6 6 2 2 1 1 2 2 2 2 2 2 2 2 2 2 2 2 6 6 6 6 2 2 
9 9 9 9 9 9 9 9 9 9 9 2 7 7 7 7 7 7 7 7 7 7 2 1 1 2 2 2 2 2 2 2 2 2 2 2 2 2 2 1 1 2 2 2 2 2 2 2 2 2 1 1 2 2 2 2 2 2 2 2 2 2 1 1 2 2 6 6 6 6 6 0 6 6 6 6 6 6 6 6 6 6 6 6 2 1 1 2 2 2 2 2 2 2 2 2 2 2 2 6 6 6 6 2 2 
9 9 9 9 9 9 9 9 9 9 9 2 7 7 7 7 7 7 7 7 7 7 2 1 1 1 1 1 1 1 1 1 1 1 1 1 1 1 1 1 1 1 1 1 1 1 1 1 1 1 1 1 1 1 1 1 1 1 1 1 1 1 1 1 2 2 2 2 2 2 2 2 2 2 2 6 6 2 2 2 2 2 2 2 2 1 1 2 2 2 2 2 2 2 2 2 2 2 2 6 6 6 6 2 2 
9 9 9 9 9 9 9 9 9 9 9 2 7 7 7 7 7 7 7 7 7 7 2 1 1 1 1 1 1 1 1 1 1 1 1 1 1 1 1 1 1 1 1 1 1 1 1 1 1 1 1 1 1 1 1 1 1 1 1 1 1 1 1 1 2 2 2 2 2 2 2 2 2 2 2 6 6 2 2 2 2 2 2 2 2 1 1 2 2 2 2 2 2 2 2 2 2 2 2 6 6 6 6 2 2 
9 9 9 9 9 9 9 9 9 9 9 2 7 7 7 7 7 7 7 7 7 7 2 1 1 2 2 2 2 2 1 2 2 2 2 2 2 2 2 1 1 2 2 2 2 2 2 2 2 2 1 1 2 2 2 2 2 2 2 2 2 2 1 1 2 2 2 2 2 2 2 2 2 2 2 6 6 2 2 2 2 2 2 2 2 1 1 2 2 2 2 2 2 2 2 2 2 2 2 6 6 6 6 2 2 
9 9 9 9 9 9 9 9 9 9 9 2 7 7 7 7 7 7 7 7 7 7 2 1 1 2 2 5 5 5 0 5 5 5 5 0 5 2 2 1 1 2 6 6 6 6 6 6 6 2 1 1 2 6 6 6 0 6 6 6 6 2 1 1 2 2 6 6 6 6 6 0 6 6 6 6 6 2 2 6 6 6 6 6 2 1 1 2 2 2 6 0 6 6 2 2 2 2 2 6 6 6 6 2 2 
9 9 9 9 9 9 9 9 9 9 9 2 7 7 7 7 7 7 7 7 7 7 2 1 1 2 2 5 5 5 5 5 5 5 5 5 5 2 2 1 1 2 6 6 6 6 6 6 6 2 1 1 2 6 6 6 6 6 6 6 6 2 1 1 2 2 2 6 6 6 6 6 6 6 6 6 6 2 6 6 6 6 6 2 2 1 1 2 2 2 6 6 6 6 2 2 2 2 2 6 6 6 6 2 2 
9 9 9 9 9 9 9 9 9 9 9 2 7 7 7 7 7 7 7 7 7 7 2 1 1 2 2 5 5 2 1 2 2 2 2 5 5 2 2 1 1 2 0 6 6 6 6 6 0 2 1 1 2 0 6 6 6 6 6 6 0 2 1 1 2 2 2 6 6 6 6 6 6 6 6 6 6 2 6 6 6 6 6 2 2 1 1 2 2 2 6 6 6 6 2 2 2 2 2 6 6 6 6 2 2 
9 9 9 9 9 9 9 9 9 9 9 2 7 7 7 7 7 7 7 7 7 0 2 1 1 1 1 0 5 1 3 3 3 3 1 5 0 1 1 1 1 2 6 6 6 6 6 6 6 2 1 1 2 6 6 6 6 6 6 6 6 2 1 1 2 2 2 2 6 6 6 6 6 6 6 6 6 2 6 6 6 6 2 2 2 1 1 2 2 2 6 6 6 6 6 6 6 6 6 6 6 6 6 2 2 
9 9 9 9 9 9 9 9 9 9 9 2 7 7 7 7 7 7 7 7 7 7 2 1 1 2 2 5 5 2 2 2 2 1 2 5 5 2 2 1 1 2 6 6 6 6 6 6 6 2 1 1 2 6 6 6 6 6 6 6 6 2 1 1 2 2 2 2 2 0 6 6 6 6 6 6 6 2 6 6 0 2 2 2 2 1 1 2 2 2 2 2 2 2 6 6 6 6 6 6 6 6 6 2 2 
2 2 2 2 2 2 9 9 9 9 9 2 7 7 7 7 7 7 7 7 7 7 2 1 1 2 2 5 5 5 5 5 5 5 5 5 5 2 2 1 1 2 6 6 6 6 6 6 6 2 1 1 2 6 6 6 0 6 6 6 6 2 1 1 2 2 2 2 2 2 6 6 6 6 6 6 6 2 6 6 2 2 2 2 2 1 1 2 2 2 2 2 2 2 6 6 6 6 6 6 6 6 6 2 2 
2 6 6 6 6 2 9 9 9 9 9 2 7 7 7 7 7 7 7 7 7 7 2 1 1 2 2 5 5 5 5 5 5 0 5 5 5 2 2 1 1 2 2 2 2 2 2 2 2 2 1 1 2 2 2 2 2 2 2 2 2 2 1 1 2 2 2 2 2 2 2 2 6 6 6 6 6 6 2 2 2 2 2 2 2 1 1 2 2 2 2 2 2 2 2 2 2 2 2 2 2 2 2 2 2 
2 6 0 6 6 2 9 9 9 9 9 2 7 7 7 7 7 7 7 7 7 7 2 1 1 2 2 2 2 2 2 2 2 1 2 2 2 2 2 1 1 2 3 3 3 3 3 3 3 2 1 1 2 3 3 3 3 3 3 3 3 2 1 1 2 2 2 2 2 2 2 2 2 2 2 2 2 2 2 2 2 2 2 2 2 1 1 2 2 2 2 2 2 2 2 2 2 2 2 2 2 2 2 2 2 
2 2 2 2 2 2 9 9 9 9 9 2 2 2 2 2 2 2 2 2 2 2 2 1 1 2 2 2 2 2 2 2 2 1 2 2 2 2 2 1 1 2 2 2 2 2 2 2 2 2 1 1 2 2 2 2 2 2 2 2 2 2 1 1 2 2 2 2 2 2 2 2 2 2 2 2 2 2 2 2 2 2 2 2 2 1 1 2 2 2 2 2 2 2 2 2 2 2 2 2 2 2 2 2 2 
0 1 1 1 1 1 1 1 1 1 1 1 1 1 1 1 1 1 1 1 1 1 1 1 1 1 1 1 1 1 1 1 1 1 1 1 1 1 1 1 1 1 1 1 1 1 1 1 1 1 1 1 1 1 1 1 1 1 1 1 1 1 1 1 1 1 1 1 1 1 1 1 1 1 1 1 1 1 1 1 1 1 1 1 1 1 1 1 1 1 1 1 1 1 1 1 1 1 1 1 1 1 1 1 1 
0 1 1 1 1 1 1 1 1 1 1 1 1 1 1 1 1 1 1 1 1 1 1 1 1 1 1 1 1 1 1 1 1 1 1 1 1 1 1 1 1 1 1 1 1 1 1 1 1 1 1 1 1 1 1 1 1 1 1 1 1 1 1 1 1 1 1 1 1 1 1 1 1 1 1 1 1 1 1 1 1 1 1 1 1 1 1 1 1 1 1 1 1 1 1 1 1 1 1 1 1 1 1 1 1 
0 1 1 1 1 1 1 1 1 1 1 1 1 1 1 1 1 1 1 1 1 1 1 1 1 1 1 1 1 1 1 1 1 1 1 1 1 1 1 1 1 1 1 1 1 1 1 1 1 1 1 1 1 1 1 1 1 1 1 1 1 1 1 1 1 1 1 1 1 1 1 1 1 1 1 1 1 1 1 1 1 1 1 1 1 1 1 1 1 1 1 1 1 1 1 1 1 1 1 1 1 1 1 1 1 
0 1 1 1 1 1 1 1 1 1 1 1 1 1 1 1 1 1 1 1 1 1 1 1 1 1 1 1 1 1 1 1 1 1 1 1 1 1 1 1 1 1 1 1 1 1 1 1 1 1 1 1 1 1 1 1 1 1 1 1 1 1 1 1 1 1 1 1 1 1 1 1 1 1 1 1 1 1 1 1 1 1 1 1 1 1 1 1 1 1 1 1 1 1 1 1 1 1 1 1 1 1 1 1 1 
2 2 2 2 2 2 2 2 2 2 2 2 2 2 2 2 2 2 2 2 2 2 2 1 1 2 2 2 2 2 2 2 2 2 2 2 2 2 2 1 1 2 2 2 2 2 2 2 2 2 2 2 2 2 2 2 2 2 2 2 2 2 1 1 2 2 2 2 2 2 2 2 2 2 2 2 2 2 2 2 2 2 2 2 2 1 1 2 2 2 2 2 2 2 2 2 2 2 2 2 2 2 2 2 2 
2 3 3 3 3 3 3 3 3 3 3 3 3 3 3 3 3 3 3 3 3 3 2 1 1 2 3 3 3 3 3 3 3 3 3 3 3 3 2 1 1 2 2 2 2 2 2 2 2 2 2 2 2 2 2 2 2 2 2 2 2 2 1 1 2 2 2 2 2 2 2 2 2 2 2 2 2 2 2 2 2 2 2 2 2 1 1 2 2 2 2 2 2 2 2 2 2 2 2 2 2 2 2 2 2 
2 3 3 3 3 3 3 3 3 3 3 3 3 3 3 3 3 3 3 3 3 3 2 1 1 2 3 3 3 3 3 3 3 3 3 3 3 3 2 1 1 2 2 2 2 2 2 2 2 2 2 2 2 2 2 2 2 2 2 2 2 2 1 1 2 2 2 4 4 4 4 4 4 4 4 4 4 4 4 4 4 4 2 2 2 1 1 2 2 2 0 4 4 4 4 4 4 4 4 4 4 4 4 2 2 
2 2 2 2 2 2 2 2 2 2 2 2 2 2 2 2 2 2 2 2 2 2 2 1 1 2 2 2 2 2 2 2 2 2 2 2 2 2 2 1 1 2 2 4 4 4 4 4 4 4 4 4 4 4 4 4 4 4 4 4 2 2 1 1 2 2 2 0 4 4 4 4 4 4 4 4 4 4 4 4 4 4 2 2 2 1 1 2 2 2 0 4 4 4 4 4 4 4 4 4 4 4 4 2 2 
2 2 2 2 2 2 2 2 2 2 2 2 2 2 2 2 2 2 2 2 2 2 2 1 1 2 5 5 5 5 5 5 5 5 5 5 5 5 2 1 1 2 2 4 4 4 4 4 4 4 4 4 4 4 4 4 4 4 4 4 2 2 1 1 2 2 2 4 4 4 4 4 4 4 4 4 4 4 4 4 4 4 2 2 2 1 1 2 2 2 2 2 2 2 2 2 2 2 2 2 4 4 4 2 2 
2 2 9 9 9 9 9 9 9 9 9 9 9 9 9 9 9 9 9 9 9 2 2 1 1 2 5 5 5 5 5 5 5 5 5 5 5 5 2 1 1 2 2 4 4 4 4 4 4 4 4 4 4 4 4 4 4 4 4 4 2 2 1 1 2 2 2 4 4 4 4 0 4 4 4 4 4 4 4 4 4 4 2 2 2 1 1 2 2 2 2 2 2 2 2 2 2 2 2 2 4 4 4 2 2 
2 2 9 9 9 9 9 9 9 9 9 9 9 9 9 9 9 9 9 9 9 2 2 1 1 2 2 2 2 2 2 2 2 1 1 1 0 5 1 1 1 2 2 4 4 4 4 4 4 4 4 4 4 4 4 4 4 4 4 4 2 2 1 1 2 2 2 2 2 2 2 2 4 4 4 4 4 4 4 4 4 4 2 2 2 1 1 2 2 2 2 2 2 2 2 2 2 2 2 2 4 4 4 2 2 
2 2 9 9 9 9 9 9 9 9 9 9 9 9 9 9 9 9 9 9 9 2 2 1 1 2 2 2 2 2 1 1 1 2 2 2 5 0 2 1 1 2 2 4 4 4 4 4 4 4 4 4 4 4 4 4 4 4 4 2 2 2 1 1 2 2 2 2 2 2 2 4 4 4 4 4 4 4 4 4 4 4 2 2 2 1 1 2 2 2 2 2 2 2 2 2 2 2 2 2 4 4 4 2 2 
2 2 9 9 9 9 9 9 9 9 9 9 9 9 9 9 9 9 9 9 9 2 2 1 1 2 2 2 2 1 2 2 2 2 2 2 5 5 2 1 1 2 2 4 4 4 4 4 4 4 4 4 4 4 4 4 4 4 2 2 2 2 1 1 2 2 2 2 2 2 4 4 4 4 4 4 4 4 4 4 4 4 2 2 2 1 1 2 2 2 2 2 2 2 2 2 2 2 2 2 4 4 4 2 2 
2 2 9 9 9 9 9 9 9 9 9 9 9 9 9 9 9 9 9 9 9 2 2 1 1 2 2 2 2 1 2 5 5 5 5 5 5 5 2 1 1 2 2 4 4 4 4 4 4 4 4 4 4 4 4 4 4 4 2 2 2 2 1 1 2 2 2 2 2 2 2 4 4 4 4 4 4 4 4 4 4 4 2 2 2 1 1 2 2 2 2 2 2 2 2 2 2 2 2 2 4 4 4 2 2 
2 2 9 9 9 9 9 9 9 9 9 9 9 9 9 9 9 9 9 9 9 2 2 1 1 2 2 2 2 1 2 5 5 5 5 0 5 5 2 1 1 2 2 4 4 4 4 4 4 4 4 4 4 4 4 4 4 2 2 2 2 2 1 1 2 2 2 2 2 2 2 2 4 4 4 4 4 4 4 4 4 4 2 2 2 1 1 2 2 2 2 2 2 2 2 2 2 2 2 2 4 4 4 2 2 
2 2 9 9 9 9 9 9 9 9 9 9 9 9 9 9 9 9 9 9 9 2 2 1 1 2 2 2 2 1 2 2 2 1 1 1 5 5 2 1 1 2 2 4 4 4 4 4 4 4 4 4 4 4 4 4 2 2 2 2 2 2 1 1 2 2 2 4 4 4 4 0 4 4 4 4 4 4 4 4 4 4 2 2 2 1 1 2 2 2 2 2 2 2 2 2 2 2 2 2 2 2 2 2 2 
2 2 9 9 9 9 9 9 9 9 9 9 9 9 9 9 9 9 9 9 9 2 2 1 1 2 2 2 2 1 2 2 1 1 2 2 5 0 2 1 1 2 2 4 4 4 4 4 4 4 4 4 4 4 4 4 2 2 2 2 2 2 1 1 2 2 2 4 4 4 4 4 4 4 4 4 4 4 4 4 4 4 2 2 2 1 1 2 2 2 4 4 4 4 4 4 0 0 4 4 4 4 4 2 2 
2 2 9 9 9 9 9 9 9 9 9 9 9 9 9 9 9 9 9 9 9 2 2 1 1 2 2 2 2 1 1 1 1 2 2 2 5 5 2 1 1 2 2 4 4 4 4 4 4 4 4 4 4 2 2 2 2 2 2 2 2 2 1 1 2 2 2 0 4 4 4 4 4 4 4 4 4 4 4 4 4 4 2 2 2 1 1 2 2 2 4 4 4 4 4 4 4 4 4 4 4 4 4 2 2 
2 2 9 9 9 9 9 9 9 9 9 9 9 9 9 9 9 9 9 9 9 2 2 1 1 2 2 2 2 1 2 2 2 2 2 2 5 5 2 1 1 2 2 4 4 4 4 4 4 4 2 2 2 2 2 2 2 2 2 2 2 2 1 1 2 2 2 4 4 4 4 4 4 4 4 4 4 4 4 4 4 4 2 2 2 1 1 2 2 2 4 4 4 4 4 4 4 4 4 4 4 4 4 2 2 
2 2 9 9 9 9 9 9 9 9 9 9 9 9 9 9 9 9 9 9 9 2 2 1 1 2 2 2 1 2 2 2 2 2 2 2 5 5 2 1 1 2 2 4 4 4 4 2 2 2 2 2 2 2 2 2 2 2 2 2 2 2 1 1 2 2 2 2 2 2 2 2 2 2 2 2 2 2 2 2 2 2 2 2 2 1 1 2 2 2 4 4 4 2 2 2 2 2 2 2 4 4 4 2 2 
2 2 9 9 9 9 9 9 9 9 9 9 9 9 9 9 9 9 9 9 9 2 2 1 1 2 2 1 2 2 2 5 5 5 5 5 5 5 2 1 1 2 2 2 2 2 2 2 2 2 2 2 2 2 2 2 2 2 2 2 2 2 1 1 2 2 2 2 2 2 2 2 2 2 2 2 2 2 2 2 2 2 2 2 2 1 1 2 2 2 0 4 4 2 2 2 2 2 2 2 4 4 0 2 2 
2 2 9 9 9 9 9 9 9 9 9 9 9 9 9 9 9 9 9 9 9 2 2 1 1 2 1 2 2 2 2 5 5 5 5 5 5 5 2 1 1 1 1 1 1 1 1 1 1 1 1 1 1 1 1 1 1 1 1 1 1 1 1 1 1 1 1 1 1 1 1 1 1 1 1 1 1 1 1 1 1 1 1 1 1 1 1 2 2 2 0 4 4 2 2 2 2 2 2 2 4 4 0 2 2 
2 2 9 9 9 9 9 9 9 9 9 9 9 9 9 9 9 9 9 9 9 2 2 1 1 2 1 2 2 2 2 2 2 2 2 2 5 5 2 1 1 2 2 2 2 2 2 2 2 2 2 2 8 8 8 2 2 2 2 2 2 2 1 1 2 2 2 2 2 8 8 8 8 2 2 2 2 2 2 2 2 2 2 2 2 1 1 2 2 2 0 4 4 2 2 2 2 2 2 2 4 4 0 2 2 
2 2 9 9 9 9 9 9 9 9 9 9 9 9 9 9 9 9 9 9 9 2 2 1 1 2 1 1 1 1 1 1 1 2 2 2 5 0 2 1 1 2 3 3 3 3 3 3 3 3 2 2 8 8 8 8 2 2 2 2 2 2 1 1 2 2 8 8 8 8 8 8 8 2 2 2 3 3 3 3 3 3 3 3 2 1 1 2 2 2 4 4 4 2 2 2 2 2 2 2 4 4 4 2 2 
2 2 9 9 9 9 9 9 9 9 9 9 9 9 9 9 9 9 9 9 9 2 2 1 1 2 1 2 2 2 2 2 1 1 2 2 5 5 2 1 1 2 3 3 3 3 3 3 3 3 2 8 8 8 8 8 8 8 8 8 8 8 1 1 8 8 8 8 8 8 8 8 8 2 2 2 3 3 3 3 3 3 3 3 2 1 1 2 2 2 4 4 4 2 2 2 2 2 2 2 4 4 4 2 2 
2 2 9 9 9 9 9 9 9 9 9 9 9 9 9 9 9 9 9 9 9 2 2 1 1 2 1 5 5 2 2 2 2 1 2 2 5 5 2 1 1 2 3 3 3 3 3 3 3 3 2 2 2 8 8 8 8 8 8 8 8 8 1 1 8 8 8 8 2 2 8 8 2 2 2 2 3 3 3 3 3 3 3 3 2 1 1 2 2 2 4 4 4 4 4 4 4 4 4 4 4 4 4 2 2 
2 2 9 9 9 9 9 9 9 9 9 9 9 9 9 9 9 9 9 9 9 2 2 1 1 2 1 5 5 2 2 2 2 2 1 2 5 5 2 1 1 2 3 3 3 3 3 3 3 3 2 2 2 2 2 2 8 8 8 8 8 2 1 1 8 8 8 2 2 2 2 2 2 2 2 2 3 3 3 3 3 3 3 3 2 1 1 2 2 2 4 4 4 4 4 4 4 4 4 4 4 4 4 2 2 
2 2 9 9 9 9 9 9 9 9 9 9 9 9 9 9 9 9 9 9 9 2 2 1 1 2 1 5 5 2 2 2 2 2 1 1 5 5 1 1 1 2 3 3 3 3 3 3 3 3 2 2 2 2 2 2 2 8 8 2 2 2 1 1 2 2 2 2 2 2 2 2 2 2 2 2 3 3 3 3 3 3 3 3 2 1 1 2 2 2 4 4 4 4 4 4 0 0 4 4 4 4 4 2 2 
2 2 9 9 9 9 9 9 9 9 9 9 9 9 9 9 9 9 9 9 9 2 2 1 1 2 1 5 5 5 5 5 5 5 5 5 5 5 2 1 1 2 2 2 2 2 2 2 2 2 2 2 2 2 2 2 2 2 2 2 2 2 1 1 2 2 2 2 2 2 2 2 2 2 2 2 2 2 2 2 2 2 2 2 2 1 1 2 2 2 2 2 2 2 2 2 2 2 2 2 2 2 2 2 2 
2 2 9 9 9 9 9 9 9 9 9 9 9 9 9 9 9 9 9 9 9 2 2 1 1 2 1 5 5 5 5 5 5 0 5 5 5 0 2 1 1 1 1 1 1 1 1 1 1 1 1 1 1 1 1 1 1 1 1 1 1 1 1 1 1 1 1 1 1 1 1 1 1 1 1 1 1 1 1 1 1 1 1 1 1 1 1 1 1 1 1 1 1 1 1 1 1 1 1 1 1 1 1 1 2 
2 2 9 9 9 9 9 9 9 9 9 9 9 9 9 9 9 9 9 9 9 2 2 1 1 2 1 2 2 2 2 2 2 2 2 2 5 5 2 1 1 2 2 2 2 2 2 2 2 2 2 2 2 2 2 2 2 1 2 2 2 2 1 1 2 2 2 2 2 2 2 2 2 2 2 2 2 2 2 2 2 2 2 2 2 1 1 2 2 2 2 2 2 2 2 2 2 2 2 2 2 2 2 2 2 
2 2 9 9 9 9 9 9 9 9 9 9 9 9 9 9 9 9 9 9 9 2 2 1 1 2 1 1 1 1 1 1 1 1 2 2 5 5 2 1 1 2 2 6 6 6 6 6 0 6 6 6 6 6 2 2 2 1 2 3 3 2 1 1 2 3 3 2 2 9 9 9 9 9 9 9 9 9 9 9 9 9 9 9 2 1 1 2 2 2 2 2 2 2 2 2 2 2 2 2 2 2 2 2 2 
2 2 9 9 9 9 9 9 9 9 9 9 9 9 9 9 9 9 9 9 9 2 2 1 1 2 2 2 5 5 2 2 2 1 2 2 2 2 2 1 1 2 2 6 6 6 6 6 6 6 6 6 6 6 2 2 2 1 2 3 3 2 1 1 2 3 3 2 2 9 9 9 9 9 9 9 9 9 9 9 9 9 9 9 2 1 1 2 2 2 6 6 6 2 2 2 2 2 2 6 6 6 2 2 2 
2 2 9 9 9 9 9 9 9 9 9 9 9 9 9 9 9 9 9 9 9 2 2 1 1 2 2 2 5 5 2 2 2 2 1 2 2 2 2 1 1 2 2 6 6 6 6 6 6 6 6 6 6 6 2 2 2 1 2 3 3 2 1 1 2 3 3 2 2 9 9 9 9 9 9 9 9 9 9 9 9 9 9 9 2 1 1 2 2 2 6 6 6 2 2 2 2 2 2 6 6 6 2 2 2 
2 2 9 9 9 9 9 9 9 9 9 9 9 9 9 9 9 9 9 9 9 2 2 1 1 2 2 2 0 5 5 0 5 2 1 1 1 1 1 1 1 2 2 6 6 6 6 6 6 6 6 6 6 6 2 2 2 1 2 3 3 2 1 1 2 3 3 2 2 9 9 9 9 9 9 9 9 9 9 9 9 9 9 9 2 1 1 2 2 2 6 6 6 2 2 2 2 2 2 6 6 6 2 2 2 
2 2 9 9 9 9 9 9 9 9 9 9 9 9 9 9 9 9 9 9 9 2 2 1 1 2 2 2 5 5 5 5 5 1 2 2 2 2 2 1 1 2 2 6 6 6 6 6 6 6 6 6 6 6 2 2 2 1 2 3 3 2 1 1 2 3 3 2 2 9 9 9 9 9 9 9 9 9 9 9 9 9 9 9 2 1 1 2 2 2 6 6 6 2 2 2 2 2 2 6 6 6 2 2 2 
2 2 9 9 9 9 9 9 9 9 9 9 9 9 9 9 9 9 9 9 9 2 2 1 1 2 2 2 5 5 2 1 1 1 2 2 5 5 2 1 1 2 2 6 6 6 6 6 6 6 6 6 6 6 2 2 2 1 2 3 3 2 1 1 2 3 3 2 2 9 9 9 9 9 9 9 9 9 9 9 9 9 9 9 2 1 1 2 2 2 6 6 6 2 2 2 2 2 2 6 6 6 2 2 2 
2 2 9 9 9 9 9 9 9 9 9 9 9 9 9 9 9 9 9 9 9 2 2 1 1 2 2 2 5 5 1 2 2 2 2 2 5 0 2 1 1 2 2 6 6 6 6 6 6 6 6 6 6 6 2 2 1 2 2 3 3 2 1 1 2 3 3 2 2 9 9 9 9 9 9 9 9 9 9 9 9 9 9 9 2 1 1 2 2 2 6 6 6 6 6 6 6 6 6 6 6 6 2 2 2 
2 2 9 9 9 9 9 9 9 9 9 9 9 9 9 9 9 9 9 9 9 2 2 1 1 2 2 2 5 5 5 5 5 5 5 5 5 5 2 1 1 2 2 2 2 2 2 2 2 2 2 2 2 2 2 1 2 2 2 3 3 2 1 1 2 3 3 2 2 2 2 2 2 2 2 2 2 2 2 2 2 2 2 2 2 1 1 2 2 2 6 6 6 6 6 6 6 6 6 6 6 6 2 2 2 
2 2 9 9 9 9 9 9 9 9 9 9 9 9 9 9 9 9 9 9 9 2 2 1 1 2 2 2 5 5 5 5 5 0 5 5 5 5 2 1 1 2 2 2 2 2 2 2 2 2 2 2 2 2 1 2 2 2 2 3 3 2 1 1 2 3 3 2 2 2 2 2 2 2 2 2 2 2 2 2 2 2 2 2 2 1 1 2 2 2 6 6 6 6 6 6 6 6 6 6 6 6 2 2 2 
2 2 2 2 2 2 2 2 2 2 2 2 2 2 2 2 2 2 2 2 2 2 2 1 1 1 1 1 1 1 1 1 1 1 1 1 1 1 1 1 1 1 1 1 1 1 1 1 1 1 1 1 1 1 2 2 2 2 2 2 2 0 0 0 0 2 2 2 2 2 2 2 2 2 2 2 2 2 2 2 2 2 2 2 2 1 1 2 2 2 2 2 2 2 2 2 2 2 2 2 2 2 2 2 2 
