9 9 9 9 9 9 9 9 9 9 9 9 9 9 9 9 9 9 9 9 9 9 9 9 9 9 0 0 0 0 9 9 9 9 9 9 9 9 9 9 9 9 9 9 9 9 9 9 9 9 9 9 9 9 9 9 9 9 9 9 9 9 9 9 9 9 9 9 9 9 9 9 9 9 9 
9 6 6 6 6 6 2 2 2 2 2 2 2 2 2 2 2 2 2 2 2 2 2 2 2 2 2 1 1 2 2 2 2 2 2 2 2 2 2 2 2 2 2 2 2 2 2 2 2 2 2 1 2 2 2 2 2 2 2 2 2 2 2 2 2 2 2 2 2 2 2 2 2 2 9 
9 6 6 6 6 6 2 2 2 2 2 2 2 2 2 2 2 2 2 2 2 2 2 2 2 2 2 1 1 2 2 2 2 2 2 2 2 2 2 2 2 2 2 2 2 2 2 2 2 2 2 1 2 2 2 2 2 2 2 2 2 2 2 2 2 2 2 2 2 2 2 2 2 2 9 
9 6 6 6 6 6 2 2 2 2 2 2 2 2 2 2 1 1 1 1 1 1 1 1 1 1 1 1 1 2 2 6 6 6 6 0 6 6 6 2 2 5 5 5 5 5 5 5 5 2 2 1 2 2 2 2 2 2 2 2 2 2 2 2 2 2 2 2 2 2 2 2 2 2 9 
9 6 6 6 6 6 2 2 2 2 2 2 2 2 2 2 1 2 2 2 2 2 2 2 2 2 2 1 1 2 2 6 6 6 6 6 6 6 6 2 2 5 5 5 5 5 5 5 5 2 2 1 2 2 2 2 2 2 2 2 2 2 2 2 2 2 2 2 2 2 2 2 2 2 9 
9 6 6 6 6 6 2 2 5 5 5 5 5 5 5 2 1 2 5 5 5 5 5 5 5 5 2 1 1 2 2 6 6 6 6 6 6 6 6 2 2 5 5 5 5 5 5 5 5 2 2 1 2 2 2 2 2 2 2 2 2 2 2 2 2 2 2 2 2 2 2 2 2 2 9 
9 6 6 6 6 6 2 2 5 5 5 5 5 5 5 2 1 2 5 5 5 5 5 5 5 0 2 1 1 2 2 6 6 0 6 6 6 6 6 2 2 5 5 0 2 2 2 2 2 2 2 1 2 2 2 2 2 2 2 2 2 2 2 2 2 2 2 2 2 2 2 2 2 2 9 
9 6 6 6 6 0 1 2 5 5 5 5 5 0 5 2 1 2 5 5 5 5 5 5 5 5 2 1 1 2 2 2 2 2 2 2 2 2 2 2 2 5 5 5 2 2 2 2 2 2 2 1 2 2 2 2 2 2 2 2 2 2 2 2 2 2 2 2 2 2 2 2 2 2 0 
9 6 6 6 6 6 1 2 2 2 2 2 2 2 2 2 1 2 5 5 5 5 5 5 5 5 2 1 1 2 2 6 6 6 6 6 6 6 6 2 2 5 5 5 5 5 5 2 2 2 2 1 2 2 2 2 2 2 2 2 2 2 2 2 2 6 6 6 6 0 6 6 6 2 0 
9 6 6 6 6 6 1 1 1 1 1 1 1 1 1 1 1 2 0 5 5 5 5 5 5 5 2 1 1 2 2 0 6 6 6 6 6 6 6 2 2 5 5 5 5 5 5 2 2 2 2 1 1 1 1 1 1 1 1 1 1 1 1 1 1 1 1 1 1 1 1 1 1 1 0 
9 6 6 6 6 6 1 2 2 2 2 2 2 2 2 2 1 2 5 5 5 5 5 5 5 5 2 1 1 2 2 6 6 6 6 6 6 6 6 2 2 5 5 5 5 5 5 2 2 2 2 1 2 2 2 2 2 2 2 2 2 2 2 2 2 2 2 2 2 2 2 1 2 2 0 
9 2 2 2 2 2 1 2 5 5 5 5 5 5 5 2 1 2 5 5 5 5 5 5 5 5 2 1 1 2 2 6 6 6 6 6 6 6 6 2 2 2 2 2 2 2 2 2 2 2 2 1 2 6 6 6 0 6 6 6 6 6 2 2 2 2 2 2 2 2 2 1 2 2 9 
9 2 2 2 2 2 1 2 5 5 5 5 5 5 0 2 1 2 5 5 5 5 5 5 5 5 2 1 1 2 2 6 6 6 6 6 6 6 6 2 2 6 6 6 6 6 6 6 6 6 2 1 2 6 6 6 6 6 6 6 6 6 2 2 2 2 2 2 2 2 2 1 2 2 9 
9 2 2 2 2 2 1 2 5 5 5 0 5 5 5 2 1 2 5 5 5 0 5 5 5 5 2 1 1 2 2 6 6 6 0 6 6 6 6 2 2 6 0 6 6 6 6 0 6 6 2 1 2 6 6 6 6 6 6 6 6 6 2 2 2 2 2 2 2 2 2 1 2 2 9 
9 2 2 2 2 2 1 2 2 2 2 2 2 2 2 2 1 2 2 2 2 2 2 2 2 2 2 1 1 2 2 2 2 2 2 2 2 2 2 2 2 2 2 2 2 2 2 2 2 2 2 1 2 6 6 6 6 6 6 6 6 6 2 2 2 2 2 2 2 2 2 1 2 2 9 
9 2 2 2 2 2 1 1 1 1 1 1 1 1 1 1 1 1 1 1 1 1 1 1 1 1 1 1 1 1 1 1 1 1 1 1 1 1 1 1 1 1 1 1 1 1 1 1 1 1 1 1 2 6 6 6 6 6 6 6 6 6 2 2 2 2 2 2 2 2 2 1 2 2 9 
9 5 5 5 2 2 1 2 2 2 2 2 2 2 2 2 1 2 2 2 2 2 2 2 2 2 2 1 1 2 2 2 2 2 1 2 2 2 2 2 2 2 2 2 2 2 2 2 2 2 2 1 2 6 6 6 6 6 6 6 6 6 2 2 2 2 2 2 2 2 2 1 2 2 9 
9 5 5 5 2 2 1 2 5 5 5 0 5 5 5 2 1 2 6 6 6 6 6 6 6 6 2 1 1 2 3 3 3 2 1 2 2 2 2 2 6 6 0 6 6 6 6 0 6 6 2 1 2 6 6 6 0 6 6 6 6 6 2 2 2 2 2 2 2 2 2 1 2 2 9 
9 5 5 5 2 2 1 2 5 5 5 5 5 5 0 2 1 2 0 6 6 6 6 6 6 0 2 1 1 2 3 3 3 2 1 2 2 2 2 2 6 6 6 6 6 6 6 6 6 6 2 1 2 2 2 2 2 2 2 2 2 2 2 2 2 2 2 2 2 2 2 1 2 2 9 
9 5 5 0 2 2 1 2 2 2 2 2 2 2 2 2 1 2 2 2 2 2 2 2 2 2 2 1 1 2 3 3 3 2 1 2 2 6 6 2 0 6 6 6 6 6 6 6 6 6 2 1 2 2 2 2 2 2 2 2 2 2 2 2 2 2 2 6 6 6 6 1 2 2 9 
9 5 5 5 2 2 1 1 1 1 1 1 1 1 1 1 1 1 1 1 1 1 1 1 1 1 1 1 1 2 3 3 3 2 1 2 2 6 6 2 6 6 6 6 6 6 6 6 6 6 2 1 2 6 6 6 6 6 6 6 2 2 2 2 2 2 2 6 6 6 6 1 2 2 9 
9 5 5 5 2 2 1 2 2 2 2 2 2 2 2 2 1 2 2 2 2 2 2 2 2 2 2 1 1 2 3 3 3 2 1 2 2 6 6 2 6 6 6 6 6 6 6 6 6 0 2 1 2 6 6 6 6 6 6 6 2 2 2 2 2 2 2 6 6 6 6 1 2 2 9 
9 5 5 5 2 2 1 2 5 5 5 5 5 5 5 2 1 2 5 5 5 5 5 5 5 5 2 1 1 2 3 3 3 2 1 2 2 6 6 2 0 6 6 6 6 6 6 6 6 6 2 1 2 6 6 6 6 6 6 6 2 2 2 2 2 2 2 6 6 6 6 1 2 2 9 
9 2 2 2 2 2 1 2 5 5 5 0 5 5 5 2 1 2 5 5 5 5 0 5 5 5 2 1 1 2 3 3 3 2 1 2 2 2 2 2 6 6 6 6 6 6 6 6 6 6 2 1 2 6 6 6 6 6 6 6 2 2 2 2 2 2 2 0 6 6 6 1 2 2 9 
9 5 5 5 2 2 1 2 2 2 2 2 2 2 2 2 1 2 2 2 2 2 2 2 2 2 2 1 1 2 3 3 3 2 1 2 2 2 2 2 6 6 6 6 6 0 6 6 6 6 2 1 2 0 6 6 6 6 6 6 2 2 2 2 2 2 2 6 6 6 6 1 2 2 9 
9 5 5 5 2 2 1 1 1 1 1 1 1 1 1 1 1 1 1 1 1 1 1 1 1 1 1 1 1 2 2 2 2 2 1 2 2 2 2 2 2 2 2 2 2 2 2 2 2 2 2 1 2 6 6 6 6 6 6 6 2 2 2 2 2 2 2 6 6 6 6 1 2 2 9 
9 5 5 5 2 2 1 2 2 2 2 2 2 2 2 2 1 2 2 2 2 2 2 2 2 2 2 1 1 1 1 1 1 1 1 1 1 1 1 1 1 1 1 1 1 1 1 1 1 1 1 1 2 6 6 6 0 6 6 6 2 2 2 2 2 2 2 6 6 6 6 1 2 2 9 
9 5 5 5 2 2 1 2 3 3 3 3 3 3 3 2 1 2 3 3 3 3 3 3 3 3 2 1 1 2 2 2 2 2 2 2 2 2 2 2 2 2 2 2 2 2 2 2 2 2 2 1 2 2 2 2 2 2 2 2 2 2 2 2 2 2 2 2 2 2 2 1 2 2 9 
9 5 5 5 2 2 1 2 2 2 2 2 2 2 2 2 1 2 2 2 2 2 2 2 2 2 2 1 1 2 2 3 3 3 3 3 3 3 3 3 2 2 6 6 6 6 6 6 6 6 2 1 1 1 1 1 1 1 1 1 1 1 1 1 1 1 1 1 1 1 1 1 1 1 9 
9 5 5 0 2 2 1 1 1 1 1 1 1 1 1 1 1 1 1 1 1 1 1 1 1 1 1 1 1 2 2 3 3 3 3 3 3 3 3 3 2 2 6 6 6 6 6 6 6 6 2 1 2 2 2 2 2 2 2 2 2 2 2 2 2 2 1 2 2 2 2 2 2 2 9 
9 5 5 5 2 2 1 2 2 2 2 2 2 2 2 2 1 2 2 2 2 2 2 2 2 2 2 1 1 2 2 2 2 2 2 2 2 2 2 2 2 2 6 6 6 6 6 6 6 6 2 1 2 2 7 7 7 7 7 7 7 7 7 7 2 2 1 2 5 5 5 5 2 2 9 
9 5 5 5 2 2 1 2 5 5 5 0 5 5 5 2 1 2 5 5 5 5 0 5 5 5 2 1 1 2 2 2 2 2 6 6 2 2 2 2 2 2 0 6 6 6 6 6 6 6 2 1 2 2 7 7 7 7 7 7 7 7 7 7 2 2 1 2 5 5 5 5 2 2 9 
9 5 5 5 2 2 1 2 2 2 2 2 2 2 2 2 1 2 2 2 2 2 2 2 2 2 2 1 1 2 2 2 2 2 6 6 2 2 2 2 2 2 0 6 6 6 6 6 6 6 2 1 2 2 7 7 7 7 7 7 7 7 7 7 2 2 1 2 5 5 5 5 2 2 9 
9 5 5 5 2 2 1 2 3 3 3 3 3 3 3 2 1 2 3 3 3 3 3 3 3 3 2 1 1 2 2 2 2 2 2 2 2 2 2 2 2 2 6 6 6 6 6 6 6 6 2 1 2 2 7 7 7 7 7 7 7 7 7 7 2 2 1 2 5 5 5 5 2 2 9 
9 5 5 5 2 2 1 2 3 3 3 3 3 3 3 2 1 2 3 3 3 3 3 3 3 3 2 1 1 2 2 3 3 3 3 3 3 3 3 3 2 2 6 6 6 6 6 6 6 6 2 1 2 2 0 7 7 7 7 7 7 7 7 7 2 2 1 2 5 5 5 5 2 2 9 
9 5 5 5 2 2 1 2 2 2 2 2 2 2 2 2 1 2 2 2 2 2 2 2 2 2 2 1 1 2 2 3 3 3 3 3 3 3 3 3 2 2 6 6 6 6 6 6 6 6 2 1 2 2 7 7 7 7 7 7 7 7 7 7 2 2 1 2 5 5 5 5 2 2 9 
9 6 6 6 2 2 1 2 5 5 5 0 5 5 5 2 1 2 5 5 5 5 0 5 5 5 2 1 1 2 2 2 2 2 2 2 2 2 2 2 2 2 6 6 6 6 6 6 6 6 2 1 2 2 7 7 7 7 7 7 7 0 7 7 2 2 1 2 5 5 0 5 2 2 0 
9 2 2 2 2 2 1 2 2 2 2 2 2 2 2 2 1 2 2 2 2 2 2 2 2 2 2 1 1 2 2 2 2 2 2 2 2 2 2 2 2 2 2 2 2 2 2 2 2 2 2 1 2 2 2 2 2 2 2 2 2 2 2 2 2 2 1 2 2 2 2 2 2 2 0 
9 6 0 2 2 2 1 1 1 1 1 1 1 1 1 1 1 1 1 1 1 1 1 1 1 1 1 1 1 1 1 1 1 1 1 1 1 1 1 1 1 1 1 1 1 1 1 1 1 1 1 1 1 1 1 1 1 1 1 1 1 1 1 1 1 1 1 1 1 1 1 1 1 1 0 
9 6 6 2 2 2 1 2 2 2 2 2 2 2 2 2 2 2 2 2 2 2 2 2 2 2 2 1 1 2 2 2 2 2 2 2 2 2 2 2 2 2 2 2 2 2 2 2 2 2 2 1 2 2 2 2 2 2 2 1 2 2 2 2 2 2 2 2 2 2 2 2 2 2 0 
9 6 6 2 2 2 1 2 2 2 2 2 2 2 3 3 3 3 3 2 2 2 2 2 2 2 2 1 1 2 2 6 6 6 6 6 2 6 6 0 6 6 2 2 2 2 2 2 2 2 2 1 2 3 3 3 3 3 2 1 2 2 2 2 2 2 2 2 2 2 2 2 2 2 0 
9 6 6 2 2 2 1 2 4 4 4 4 4 2 3 3 3 3 3 2 4 4 4 4 4 2 2 1 1 2 2 0 6 6 6 6 2 6 6 6 6 6 2 2 2 2 2 2 2 2 2 1 2 3 3 3 3 3 2 1 2 2 7 7 7 0 7 7 7 7 0 7 2 2 9 
9 6 6 2 2 2 1 2 4 4 4 4 4 2 2 2 2 2 2 2 4 4 4 4 4 2 2 1 1 2 2 2 2 2 2 2 2 6 6 6 6 6 2 2 2 2 2 2 2 2 2 1 2 3 3 3 3 3 2 1 2 2 7 7 7 7 7 7 7 7 7 7 2 2 9 
9 6 6 2 2 2 1 2 4 4 4 4 4 4 4 4 4 4 4 4 4 4 4 4 4 2 2 1 1 2 2 4 4 4 4 2 2 6 6 6 6 6 2 4 4 4 4 2 2 2 2 1 2 3 3 3 3 3 2 1 2 2 7 7 7 7 7 7 7 7 7 7 2 2 9 
9 6 6 2 2 2 1 2 0 4 4 4 4 4 4 4 4 4 4 4 4 4 4 4 0 2 2 1 1 2 2 4 4 4 4 2 2 6 6 6 6 6 2 4 4 4 4 2 2 2 2 1 2 3 3 3 3 3 2 1 2 2 7 7 7 7 7 7 7 7 7 7 2 2 9 
9 6 6 2 2 2 1 2 4 4 4 4 4 4 4 4 4 4 4 4 4 4 4 4 4 2 2 1 1 2 2 4 4 4 4 4 4 4 4 4 4 4 4 4 4 4 4 2 2 2 2 1 2 3 3 3 3 3 2 1 2 2 7 7 7 7 7 7 7 7 7 7 2 2 9 
9 6 6 2 2 2 1 2 4 4 4 4 4 4 4 4 0 4 4 4 4 4 4 4 4 2 2 1 1 2 2 0 4 4 4 4 4 4 4 4 4 4 4 4 4 4 0 2 2 2 2 1 2 3 3 3 3 3 2 1 2 2 7 7 7 7 7 7 7 7 7 7 2 2 9 
9 6 6 2 2 2 1 2 4 4 4 4 4 2 2 2 2 2 2 2 4 4 4 4 4 2 2 1 1 2 2 4 4 4 4 4 4 4 4 0 4 4 4 4 4 4 4 2 2 2 2 1 2 3 3 3 3 3 2 1 2 2 7 7 7 7 7 7 7 7 7 7 2 2 9 
9 2 2 2 2 2 1 2 4 4 4 4 4 2 2 2 2 2 2 2 4 4 4 4 4 2 2 1 1 2 2 4 4 4 4 2 2 2 2 2 2 2 2 4 4 4 4 2 2 2 2 1 2 3 3 3 3 3 2 1 2 2 7 7 7 7 7 7 7 7 7 7 2 2 9 
9 6 6 2 2 2 1 2 2 2 2 2 2 2 2 2 2 2 2 2 2 2 2 2 2 2 2 1 1 2 2 2 2 2 2 2 2 2 2 2 2 2 2 2 2 2 2 2 2 2 2 1 2 2 2 2 2 2 2 1 2 2 0 7 7 7 7 7 7 7 7 7 2 2 9 
9 6 0 2 2 2 1 1 1 1 1 1 1 1 1 1 1 1 1 1 1 1 1 1 1 1 1 1 1 1 1 1 1 1 1 1 1 1 1 1 1 1 1 1 1 1 1 1 1 1 1 1 1 1 1 1 1 1 1 1 2 2 7 7 7 7 7 7 7 7 7 7 2 2 9 
9 6 6 2 2 2 1 2 2 2 2 2 2 2 2 2 2 2 2 2 2 2 2 2 2 2 2 1 1 2 2 2 2 2 2 2 2 2 2 2 2 2 2 2 2 2 2 2 2 2 2 1 2 2 2 2 2 2 2 1 2 2 7 7 7 7 7 7 7 7 7 7 2 2 9 
9 6 6 2 2 2 1 2 3 3 3 3 3 3 3 3 2 2 3 3 3 3 3 3 3 2 2 1 1 2 2 2 2 2 2 2 2 2 2 2 2 2 2 2 2 2 2 2 2 2 2 1 2 2 2 2 2 2 2 1 2 2 7 7 7 7 7 7 7 7 7 7 2 2 9 
9 2 2 2 2 2 1 2 3 3 3 3 3 3 3 3 2 2 3 3 3 3 3 3 3 2 2 1 1 2 2 2 2 2 2 2 2 2 2 2 2 2 2 4 4 4 4 4 4 4 2 1 2 2 2 2 2 2 2 1 2 2 7 7 7 7 7 7 7 7 7 7 2 2 9 
9 2 2 2 2 2 1 2 3 3 3 3 3 3 3 3 2 2 3 3 3 3 3 3 3 2 2 1 1 2 2 2 2 2 2 2 2 2 2 2 2 2 2 4 4 4 4 4 4 4 2 1 2 4 4 0 4 4 2 1 2 2 2 2 2 2 2 2 7 7 7 7 2 2 9 
0 2 2 2 2 2 1 2 3 3 3 3 3 3 3 3 2 2 3 3 3 3 3 3 3 2 2 1 1 2 2 2 2 2 2 2 2 2 2 2 2 2 2 4 4 4 4 4 4 4 2 1 2 4 4 4 4 4 2 1 2 2 2 2 2 2 2 2 7 7 7 7 2 2 9 
0 2 2 2 2 2 1 2 3 3 3 3 3 3 3 3 2 2 3 3 6 6 6 3 3 2 2 1 1 2 2 2 2 2 2 2 2 6 6 2 2 2 2 4 4 4 4 4 4 4 2 1 2 4 4 4 4 4 2 1 2 2 2 2 2 2 2 2 7 7 7 7 2 2 9 
0 2 2 2 2 2 1 2 2 2 2 2 2 2 2 2 6 6 2 2 6 6 6 2 2 2 2 1 1 2 2 2 2 2 2 2 6 6 6 6 2 2 2 4 4 4 4 4 4 4 2 1 2 4 4 4 4 4 2 1 2 2 2 2 2 2 2 2 7 7 7 7 2 2 9 
0 1 1 1 1 1 1 2 2 2 2 2 2 2 2 2 6 6 2 2 6 6 6 2 2 2 2 1 1 2 2 2 2 2 2 2 6 6 6 6 2 2 2 4 4 4 4 4 4 4 2 1 2 4 4 4 4 4 2 1 2 2 7 7 7 7 2 2 7 7 7 7 2 2 9 
0 2 2 2 2 2 1 2 2 2 2 2 2 2 2 2 6 6 2 2 6 6 6 2 2 2 2 1 1 2 2 2 6 6 2 2 6 6 6 6 2 2 2 0 4 4 4 4 4 4 2 1 2 0 4 4 4 4 2 1 2 2 7 7 7 7 2 2 7 7 7 7 2 2 9 
9 2 2 2 2 2 1 2 3 3 3 3 3 3 3 3 2 2 3 3 6 6 6 3 3 2 2 1 1 2 2 2 6 6 2 2 6 6 6 6 2 2 2 4 4 4 4 4 4 4 2 1 2 4 4 4 4 4 2 1 2 2 7 7 7 7 2 2 2 2 2 2 2 2 9 
9 2 2 2 2 2 1 2 3 3 3 3 3 3 3 3 2 2 3 3 3 3 3 3 3 2 2 1 1 2 2 2 6 6 2 2 6 6 6 6 2 2 2 4 4 4 4 4 4 4 2 1 2 4 4 4 4 4 2 1 2 2 7 7 7 7 2 2 2 2 2 2 2 2 9 
9 2 2 2 2 2 1 2 3 3 3 3 3 3 3 3 2 2 3 3 3 3 3 3 3 2 2 1 1 2 2 2 2 2 2 2 6 6 6 6 2 2 2 4 4 4 4 4 4 4 2 1 2 4 4 4 4 4 2 1 2 2 2 2 2 2 2 2 2 2 2 2 2 2 9 
9 2 2 2 2 2 1 2 3 3 3 3 3 3 3 3 2 2 3 3 3 3 3 3 3 2 2 1 1 2 2 2 2 2 2 2 6 6 6 6 2 2 2 4 4 4 4 4 4 4 2 1 2 4 0 4 4 4 2 1 2 2 2 7 7 7 7 7 0 7 7 7 7 2 9 
9 2 6 6 6 2 1 2 3 3 3 3 3 3 3 3 2 2 3 3 3 3 3 3 3 2 2 1 1 2 2 2 2 2 2 2 2 6 6 2 2 2 2 4 4 4 4 4 4 4 2 1 2 2 2 2 2 2 2 1 2 2 2 7 7 7 7 7 7 7 7 7 7 2 9 
9 2 6 6 6 2 1 2 3 3 3 3 3 3 3 3 2 2 3 3 3 3 3 3 3 2 2 1 1 2 2 2 2 2 2 2 2 2 2 2 2 2 2 4 4 4 4 4 4 4 2 1 2 2 2 2 2 2 2 1 2 2 2 7 7 7 7 7 7 7 7 7 7 2 9 
9 2 6 6 6 2 1 2 2 2 2 2 2 2 2 2 2 2 2 2 2 2 2 2 2 2 2 1 1 2 2 2 2 2 2 2 2 2 2 2 2 2 2 4 4 4 4 4 4 4 2 1 2 3 3 3 3 3 2 1 2 2 2 0 7 7 7 7 7 7 7 7 7 2 9 
9 2 6 6 6 2 1 2 2 2 2 2 2 2 2 2 2 2 2 2 2 2 2 2 2 2 2 1 1 2 2 2 2 2 2 2 2 2 2 2 2 2 2 2 2 2 2 2 2 2 2 1 2 3 3 3 3 3 2 1 2 2 2 7 7 7 7 7 7 7 7 7 7 2 9 
9 2 6 6 6 2 1 2 2 2 2 2 2 2 2 2 2 2 2 2 2 2 2 2 2 2 2 1 1 2 2 2 2 2 2 2 2 2 2 2 2 2 2 2 2 2 2 2 2 2 2 1 2 2 2 2 2 2 2 1 2 2 2 7 7 7 7 7 7 7 7 7 7 2 9 
9 2 6 6 6 2 1 1 1 1 1 1 1 1 1 1 1 1 1 1 1 1 1 1 1 1 1 1 1 1 1 1 1 1 1 1 1 1 1 1 1 1 1 1 1 1 1 1 1 1 1 1 1 1 1 1 1 1 1 1 2 2 2 7 7 7 7 7 7 7 7 7 7 2 9 
9 2 6 6 6 2 1 2 2 2 2 2 2 2 2 2 2 2 2 2 2 2 2 2 2 2 2 1 1 2 2 2 2 2 2 2 2 2 2 2 2 2 2 2 2 2 2 2 2 1 2 2 2 2 2 2 2 2 2 1 2 2 2 7 7 7 7 7 7 7 7 7 7 2 9 
9 2 6 6 6 2 1 2 2 2 2 2 2 2 2 2 2 2 2 2 2 2 2 2 2 2 2 1 1 2 2 2 2 2 2 2 2 2 2 2 2 2 2 2 2 2 2 2 2 1 2 2 2 2 2 2 2 2 2 1 2 2 2 7 7 7 7 7 7 7 7 7 7 2 9 
9 2 6 6 6 2 1 2 4 4 4 4 4 4 4 4 0 4 4 4 4 4 4 4 4 4 2 1 1 2 4 4 4 4 4 2 2 2 2 2 2 2 2 4 4 4 4 4 2 1 2 4 4 4 4 4 4 4 2 1 2 2 2 7 7 7 7 7 7 7 7 7 7 2 9 
9 2 6 6 6 2 1 2 4 4 4 4 4 4 4 4 4 4 4 4 4 4 4 4 4 4 2 1 1 2 4 4 4 4 4 2 2 2 2 2 2 2 2 4 4 4 4 4 2 1 2 4 4 4 4 4 4 4 2 1 2 2 2 7 7 7 7 7 7 7 7 7 7 2 9 
9 2 6 6 6 2 1 2 4 4 4 4 4 4 4 4 4 4 4 4 4 4 4 4 4 4 2 1 1 2 4 4 4 4 4 4 4 4 4 0 4 4 4 4 4 4 4 4 2 1 2 4 4 4 4 4 4 4 2 1 2 2 2 7 7 7 7 7 7 7 7 7 7 2 9 
9 2 6 6 6 2 1 2 4 4 4 4 4 4 4 4 4 4 4 4 4 4 4 4 4 4 2 1 1 2 4 4 4 4 4 4 4 4 4 4 4 4 4 4 4 4 4 4 2 1 2 4 4 4 4 4 4 4 2 1 2 2 2 7 7 7 7 7 7 7 7 7 7 2 9 
9 2 6 6 6 2 1 2 0 4 4 4 4 4 4 4 4 4 4 4 4 4 4 4 4 0 2 1 1 2 0 4 4 4 4 4 4 4 4 4 4 4 4 4 4 4 4 0 2 1 2 4 4 4 4 4 4 4 2 1 2 2 2 7 7 7 7 7 7 7 7 7 7 2 9 
9 2 6 6 6 2 1 2 4 4 4 4 4 4 4 4 4 4 4 4 4 4 4 4 4 4 2 1 1 2 4 4 4 4 4 4 4 4 4 4 4 4 4 4 4 4 4 4 2 1 2 4 4 4 4 4 4 4 2 1 2 2 2 7 7 7 7 7 7 7 7 7 7 2 9 
9 2 6 6 6 2 1 2 4 4 4 4 4 4 4 4 4 4 4 4 4 4 4 4 4 4 2 1 1 2 4 4 4 4 4 4 4 4 4 4 4 4 4 4 4 4 4 4 2 1 2 4 4 4 4 4 4 4 2 1 2 2 2 7 7 7 7 7 7 7 7 7 7 2 9 
9 2 6 6 6 2 1 2 4 4 4 4 4 4 4 4 4 4 4 4 4 4 4 4 4 4 2 1 1 2 4 4 4 4 4 2 2 2 2 2 2 2 2 4 4 4 4 4 2 1 2 4 4 4 4 4 4 4 2 1 2 2 2 7 7 7 7 7 7 7 7 7 7 2 9 
9 2 6 6 6 2 1 2 4 4 4 4 4 4 4 4 4 4 4 4 4 4 4 4 4 4 2 1 1 2 4 4 4 4 4 2 2 2 2 2 2 2 2 4 4 4 4 4 2 1 2 4 4 4 0 4 4 4 2 1 2 2 2 7 7 7 7 7 7 7 7 7 7 2 9 
9 2 6 6 6 2 1 2 2 2 2 2 2 2 2 2 2 2 2 2 2 2 2 2 2 2 2 1 1 2 2 2 2 2 2 2 2 2 2 2 2 2 2 2 2 2 2 2 2 1 2 2 2 2 2 2 2 2 2 1 2 2 2 7 7 7 7 7 7 7 7 7 7 2 9 
9 2 6 6 6 2 1 2 2 2 2 2 2 2 2 2 2 2 2 2 2 2 2 2 2 2 2 1 1 2 2 2 2 2 2 2 2 2 2 2 2 2 2 2 2 2 2 2 2 1 2 2 2 2 2 2 2 2 2 1 2 2 2 7 7 7 7 7 7 7 7 7 7 2 9 
9 2 6 6 6 2 1 2 2 2 2 2 2 2 2 2 2 2 2 2 2 2 2 2 2 2 2 1 1 2 2 2 2 2 2 2 2 2 2 2 2 2 2 2 2 2 2 2 2 1 2 2 2 2 2 2 2 2 2 1 2 2 2 7 7 7 7 7 7 7 7 7 7 2 9 
9 2 6 6 6 2 1 1 1 1 1 1 1 1 1 1 1 1 1 1 1 1 1 1 1 1 1 1 1 1 1 1 1 1 1 1 1 1 1 1 1 1 1 1 1 1 1 1 1 1 1 1 1 1 1 1 1 1 1 1 2 2 2 7 7 7 7 7 7 7 7 7 7 2 9 
9 2 2 2 2 2 2 2 2 2 2 2 2 2 2 2 2 2 2 2 2 2 2 2 2 2 2 1 1 2 2 2 2 2 2 2 2 2 2 2 2 2 2 2 2 2 2 2 2 2 2 2 2 2 2 2 2 2 2 2 2 2 2 7 7 7 7 7 7 7 7 7 7 2 9 
9 2 2 2 2 2 2 2 2 2 6 6 6 6 6 6 6 6 6 6 6 6 6 6 6 6 2 1 1 2 2 6 6 6 6 6 2 2 2 2 2 2 2 2 2 2 2 2 2 2 2 2 2 2 2 2 2 2 2 2 2 2 2 7 7 7 7 7 7 7 7 7 7 2 9 
9 2 2 2 2 2 2 2 2 2 6 6 6 6 6 6 6 6 6 6 6 6 6 6 6 6 2 1 1 2 2 0 6 6 6 6 2 2 2 2 2 2 2 2 2 2 2 2 2 2 2 2 2 2 2 2 2 2 2 2 2 2 2 7 7 7 7 7 7 7 7 7 7 2 9 
9 2 2 2 2 2 2 2 2 2 6 6 6 6 6 6 6 6 6 6 6 6 6 0 6 6 2 1 1 2 2 6 6 6 6 6 2 2 2 2 2 2 2 2 2 2 2 2 2 2 2 2 2 2 2 2 2 2 2 2 2 2 2 7 7 7 7 7 7 7 7 7 7 2 9 
9 2 2 2 2 2 2 2 2 2 2 2 2 2 2 2 2 2 2 2 2 2 2 2 2 2 2 0 0 2 2 2 2 2 2 2 2 2 2 2 2 2 2 2 2 2 2 2 2 2 2 2 2 2 2 2 2 2 2 2 2 2 2 2 7 7 7 7 7 7 7 7 2 2 9 
9 2 2 2 2 2 2 1 1 1 1 1 1 1 1 1 1 1 1 1 1 1 1 1 1 1 1 1 1 1 1 1 1 1 1 1 1 1 1 1 1 1 1 1 1 1 1 1 1 1 1 1 1 1 1 1 1 1 1 1 1 1 1 2 2 2 2 2 2 2 2 2 2 2 9 
9 2 2 2 2 2 2 2 2 2 2 2 2 2 2 2 2 2 2 2 2 2 2 2 2 2 2 1 1 2 2 2 2 2 2 2 2 2 2 2 2 2 2 2 2 2 2 2 2 2 2 2 2 2 2 2 2 2 2 2 2 2 1 2 2 2 2 2 2 2 2 2 2 2 9 
9 2 2 2 2 2 2 2 2 2 6 6 6 6 0 6 6 6 6 6 2 6 6 6 6 6 2 1 1 2 2 2 2 2 7 7 7 7 7 7 7 7 7 7 7 7 7 7 7 7 7 7 7 7 2 2 2 2 2 2 2 2 1 2 2 2 2 2 2 2 2 2 2 2 9 
9 2 2 2 2 2 2 2 2 2 6 6 6 6 6 6 6 6 6 6 2 6 6 6 6 0 2 1 1 2 2 2 2 2 7 7 7 7 7 7 7 7 7 7 7 7 7 7 7 7 7 7 7 7 2 2 2 2 2 2 2 2 1 2 2 2 2 2 2 2 2 2 2 2 9 
9 2 2 2 2 2 2 2 2 2 6 6 6 6 6 6 6 6 6 6 2 6 6 6 6 6 2 1 1 2 2 2 2 2 7 7 7 7 7 7 7 7 7 7 7 7 7 7 7 7 7 7 7 7 2 2 2 2 2 2 2 2 1 2 2 2 2 2 2 2 2 2 2 2 9 
9 2 2 2 2 2 2 2 2 2 2 2 2 2 2 2 2 2 2 2 2 2 2 2 2 2 2 1 1 2 2 2 2 2 2 2 2 2 2 2 2 2 2 2 2 2 2 2 2 2 2 2 2 2 2 2 2 2 2 2 2 2 1 2 2 2 2 2 2 2 2 2 2 2 9 
9 2 2 2 2 2 2 2 2 2 2 2 2 2 2 2 2 2 2 2 2 2 2 6 6 6 2 1 1 2 2 2 2 2 2 2 2 2 2 2 2 2 2 2 2 2 2 2 2 2 2 2 2 2 2 2 2 2 2 2 2 2 1 2 2 2 2 2 2 2 2 2 2 2 9 
9 2 2 2 2 2 2 2 2 2 2 2 2 2 2 2 2 2 2 2 2 2 2 6 6 6 2 1 1 2 2 2 2 2 2 2 2 2 2 2 2 2 2 2 2 2 2 2 2 2 2 2 2 2 2 2 2 2 2 2 2 2 1 2 2 2 2 2 2 2 2 2 2 2 9 
9 2 2 2 2 2 2 2 2 2 2 2 2 2 2 2 2 2 2 2 2 2 2 6 6 0 2 1 1 2 2 2 2 2 2 2 2 2 2 2 2 2 2 2 2 2 2 2 2 2 2 2 2 2 2 2 2 2 2 2 2 2 1 1 1 1 1 1 1 1 1 1 1 2 9 
9 2 2 2 2 2 2 2 2 2 2 2 2 2 2 2 2 2 2 2 2 2 2 6 6 6 2 1 1 2 2 2 2 2 2 2 2 2 2 2 2 2 2 2 2 2 2 2 2 2 2 2 2 2 2 2 2 2 2 2 2 2 2 2 2 2 2 2 2 2 2 2 2 2 9 
9 2 2 2 2 2 2 2 2 2 2 2 2 2 2 2 2 2 2 2 2 2 2 6 6 6 2 1 1 2 2 2 2 2 2 2 2 2 2 2 2 2 2 2 2 2 2 2 2 2 2 2 2 2 2 2 2 2 2 2 2 2 2 2 2 2 6 6 0 6 6 6 6 6 9 
9 2 2 2 2 2 2 2 2 2 2 2 2 2 2 2 2 2 2 2 2 2 2 6 6 6 2 1 1 2 2 2 2 2 2 2 2 2 2 2 2 2 2 2 2 2 2 2 2 2 2 2 2 2 2 2 2 2 2 2 2 2 2 2 2 2 6 6 6 6 6 6 6 6 9 
9 2 2 2 2 2 2 2 2 2 2 2 2 2 2 2 2 2 2 2 2 2 2 2 2 2 2 1 1 1 1 1 1 1 1 1 1 1 1 1 1 2 2 2 2 2 2 2 2 2 2 2 2 2 2 2 2 2 2 2 2 2 2 2 2 2 6 6 6 6 6 6 6 6 9 
9 2 2 2 2 2 2 2 2 2 2 2 2 2 2 2 2 2 2 2 2 2 2 2 2 2 2 2 2 2 2 2 2 2 2 2 2 2 2 2 1 2 2 2 2 2 2 2 2 2 2 2 2 2 2 2 2 2 2 2 2 2 2 2 2 2 6 6 6 6 6 6 6 6 9 
9 2 2 2 2 2 2 2 2 2 2 2 2 2 2 2 2 2 2 2 2 2 2 2 2 2 2 2 2 2 2 2 2 2 2 2 2 2 2 2 1 2 2 2 2 2 2 2 2 2 2 2 2 2 2 2 2 2 2 2 2 2 2 2 2 2 6 6 6 6 6 6 6 6 9 
9 2 2 2 2 2 2 2 2 2 2 2 2 2 2 2 2 2 2 2 2 2 2 2 2 2 2 2 2 2 2 2 2 2 2 2 2 2 2 2 1 2 2 2 2 2 2 2 2 2 2 2 2 2 2 2 2 2 2 2 2 2 2 2 2 2 6 6 6 6 6 6 6 0 9 
9 2 2 2 2 2 2 2 2 2 2 2 2 2 2 2 2 2 2 2 2 2 2 2 2 2 2 2 2 2 2 2 2 6 6 6 6 2 2 2 1 2 2 2 2 2 2 2 2 2 2 2 2 2 2 2 2 2 2 2 2 2 2 2 2 2 6 6 6 6 6 6 6 6 9 
9 2 2 2 2 2 2 2 2 2 2 2 2 2 2 2 2 2 2 2 2 2 2 2 2 2 2 2 2 2 2 2 2 6 6 6 6 2 2 2 1 2 2 2 2 2 2 2 2 2 2 2 2 2 2 2 2 2 2 2 2 2 2 2 2 2 6 6 6 6 6 6 6 6 9 
9 2 2 2 2 2 2 2 2 2 2 2 2 2 2 2 2 2 2 2 2 2 2 2 2 2 2 2 2 2 2 2 2 6 6 6 6 2 2 2 1 2 2 2 2 2 2 2 2 2 2 2 2 2 2 2 2 2 2 2 2 2 2 2 2 2 6 6 6 6 6 6 6 6 9 
9 9 9 9 9 9 9 9 9 9 9 9 9 9 9 9 9 9 9 9 9 9 9 9 9 9 9 9 9 9 9 9 9 9 9 9 9 9 0 0 0 0 9 9 9 9 9 9 9 9 9 9 9 9 9 9 9 9 9 9 9 9 9 9 9 9 9 9 9 9 9 9 9 9 9